target,prediction_-1,prediction_0,prediction_1
2,0.39483268528325477,0.42203922898182783,0.18312808573491723
0,0.14231166153605607,0.3400502047485128,0.5176381337154312
1,0.22958465926037386,0.20800994853939364,0.5624053922002324
1,0.1687964639941598,0.41790847075895965,0.4132950652468806
2,0.16667706808797678,0.45636687521737884,0.3769560566946445
2,0.13614129315113324,0.32913240133160643,0.5347263055172603
1,0.13586220300001045,0.34333643592466107,0.5208013610753285
1,0.14013275210808585,0.4441436684794186,0.41572357941249566
2,0.14013275210808585,0.4441436684794186,0.41572357941249566
2,0.13586220300001045,0.34333643592466107,0.5208013610753285
2,0.15628452135559356,0.34989791225562605,0.4938175663887803
2,0.22386102495105445,0.1694799878263773,0.6066589872225682
0,0.8275120913838304,0.11045283481420308,0.06203507380196642
0,0.757479717050172,0.11555479342857315,0.12696548952125486
0,0.793113252844481,0.11077163384070603,0.09611511331481298
0,0.9273190953009982,0.06504687381567906,0.007634030883322711
2,0.17753004035993433,0.17161164933843065,0.650858310301635
1,0.1466881128157376,0.22568951349665406,0.6276223736876083
0,0.15939027487021296,0.1596052523028806,0.6810044728269063
1,0.22889640159184044,0.22053563979926874,0.5505679586088909
2,0.1975638731407316,0.1004325414430607,0.7020035854162077
2,0.16174700646479298,0.2118419271012633,0.6264110664339437
2,0.13095601964038886,0.17711617418889627,0.6919278061707149
2,0.15531934806745848,0.10982497943819013,0.7348556724943514
1,0.10095896006946901,0.17505068248549152,0.7239903574450396
2,0.24315801869349277,0.1860161652466001,0.570825816059907
2,0.13095601964038886,0.17711617418889627,0.6919278061707149
2,0.1584341097893398,0.18352886977329472,0.6580370204373656
2,0.1424697887198269,0.2006985844352569,0.6568316268449161
0,0.16322985587206876,0.20139001064296563,0.6353801334849656
2,0.24309375552363413,0.24141545861473798,0.5154907858616279
2,0.07920289363632778,0.14908316579100975,0.7717139405726625
2,0.3507349122717318,0.1908278322409297,0.45843725548733855
1,0.18682620059328792,0.18458835546333652,0.6285854439433756
1,0.25086000136292586,0.211125898940735,0.5380140996963392
1,0.09684345262781467,0.1724166511677652,0.7307398962044203
0,0.26164790958973466,0.2086007646224678,0.5297513257877975
0,0.09684345262781467,0.1724166511677652,0.7307398962044203
2,0.2642693504530276,0.24532978714660833,0.49040086240036423
2,0.36707203460410714,0.24416981292380516,0.3887581524720878
2,0.3003973391787108,0.23657646129829937,0.46302619952298996
2,0.18859806196710147,0.16817080692508343,0.643231131107815
2,0.09482917744833724,0.14859502183772108,0.7565758007139417
2,0.14487562923243485,0.21388188732272753,0.6412424834448376
1,0.2799772617018509,0.23766046889794135,0.4823622694002077
2,0.26164790958973466,0.2086007646224678,0.5297513257877975
0,0.8234500724125086,0.10457936316485654,0.07197056442263484
0,0.8958055069230556,0.08094468865005132,0.02324980442689315
0,0.9188596840084087,0.07309149589833257,0.008048820093258706
0,0.8309141164449028,0.11069203427359858,0.058393849281498655
0,0.810199566106201,0.15021331376669925,0.03958712012709974
0,0.8210742859667427,0.10556940978630665,0.07335630424695062
0,0.887548206161134,0.07057402833651673,0.041877765502349354
0,0.8227091223804683,0.11629316941387159,0.06099770820566005
0,0.9605024695466916,0.03170125793083845,0.007796272522470108
0,0.8141221903359354,0.13797552695026835,0.04790228271379624
0,0.9059436015866312,0.07148783104911281,0.022568567364255988
0,0.8953870596267454,0.07612716115557831,0.02848577921767647
2,0.23537651843248775,0.18014283772839906,0.5844806438391132
2,0.1314130668414619,0.0877877889148766,0.7807991442436616
2,0.08773584427288962,0.17509103615120308,0.7371731195759074
1,0.22591938053197466,0.20054003259284522,0.5735405868751802
2,0.24339101031988775,0.19091385437328748,0.5656951353068247
2,0.24251754769017086,0.20384414850629454,0.5536383038035346
2,0.09068001530769296,0.09874519356435388,0.8105747911279532
2,0.13865334083054084,0.2814484626633256,0.5798981965061335
0,0.8711311826682556,0.07705669751253999,0.05181211981920441
0,0.8447861681617145,0.11225924943102136,0.042954582407264096
0,0.8711311826682556,0.07705669751253999,0.05181211981920441
0,0.9244974944907142,0.0519385903779773,0.02356391513130858
0,0.8189270401203715,0.1210078144039404,0.06006514547568817
0,0.8083544212531852,0.1350319798193804,0.05661359892743434
0,0.921073243098001,0.05881321961251922,0.02011353728947968
0,0.7653927999611045,0.14794677645583237,0.08666042358306297
1,0.9036800504278646,0.06775390658543114,0.028566042986704312
0,0.8976956970407391,0.07454764257248311,0.02775666038677763
0,0.8622899413254324,0.10605811919699129,0.03165193947757627
0,0.8178432007474532,0.12976038183989538,0.05239641741265154
1,0.8926692827603868,0.08027787047851229,0.027052846761100757
0,0.7816159809900517,0.17444868172295602,0.04393533728699225
0,0.8865426719787151,0.08394885016688239,0.029508477854402564
0,0.8005840926106935,0.1584477212468219,0.04096818614248453
0,0.8948898031637428,0.07986006375198812,0.02525013308426916
0,0.7904322454014705,0.11585194658801233,0.09371580801051718
0,0.7359345083249021,0.17883980385240722,0.08522568782269065
2,0.7248326604523916,0.18575427862425814,0.08941306092335029
1,0.7892834875009905,0.12019747712376758,0.09051903537524181
0,0.8976956970407391,0.07454764257248311,0.02775666038677763
0,0.9026905704851494,0.07009868816801752,0.02721074134683297
0,0.8411513475661331,0.11034111223725518,0.04850754019661166
0,0.7839976360634633,0.16851337795267204,0.047488985983864605
0,0.7736843672039698,0.1751743126864977,0.05114132010953243
1,0.9382235650587565,0.05339172072562377,0.008384714215619761
0,0.8586201780197339,0.13009630585816628,0.011283516122099812
0,0.7982475733348181,0.1337430906821521,0.06800933598302983
0,0.834611515433991,0.11386118443526186,0.05152730013074704
0,0.858031473322219,0.1083131575377608,0.03365536914002029
1,0.7748053344634634,0.1772528845675111,0.047941780969025474
0,0.7757725622084054,0.17704924733447883,0.04717819045711565
0,0.8212389588504504,0.12097347897363067,0.057787562175919
0,0.8100255960467234,0.12598139903652217,0.06399300491675448
0,0.8097468028595209,0.15009486670625583,0.040158330434223136
0,0.8506840286599852,0.13631437720192827,0.013001594138086665
0,0.809310944833901,0.13571044338251484,0.05497861178358415
0,0.8747063332307812,0.1144815579720925,0.010812108797126263
0,0.7385608493355041,0.14200293943961453,0.11943621122488136
0,0.9246460223246202,0.06074589295443178,0.014608084720948149
0,0.8355678063740676,0.10982922458665588,0.054602969039276555
0,0.8301621930527501,0.11503938177771501,0.05479842516953492
0,0.9029461714298196,0.06742184418953197,0.029631984380648273
0,0.8976956970407391,0.07454764257248311,0.02775666038677763
2,0.040392808950463654,0.05499084642342122,0.9046163446261151
2,0.0204757091606337,0.030084560995070446,0.9494397298442959
2,0.06298168306205883,0.13916684850294064,0.7978514684350005
2,0.0647296307931547,0.154480710823595,0.7807896583832503
2,0.07823393750240439,0.1916608550775758,0.7301052074200197
2,0.07552174045288688,0.11012161410185707,0.814356645445256
2,0.04552606056857266,0.13996632453977625,0.8145076148916511
2,0.0379548953297937,0.13086399559366763,0.8311811090765386
2,0.04547174140746703,0.2382484856914327,0.7162797729011002
2,0.0379548953297937,0.13086399559366763,0.8311811090765386
2,0.04552606056857266,0.13996632453977625,0.8145076148916511
2,0.0379548953297937,0.13086399559366763,0.8311811090765386
2,0.06341756954589323,0.08234825693094358,0.8542341735231632
2,0.0828348298319782,0.13411065775072215,0.7830545124172997
2,0.07184838477488933,0.1365181195160457,0.7916334957090649
2,0.06450480413582779,0.14710829937429987,0.7883868964898724
2,0.05188004657056311,0.1713066084874943,0.7768133449419425
2,0.07275907154193964,0.12218051047994036,0.80506041797812
2,0.05642453116343606,0.08229132057676469,0.8612841482597992
2,0.05490611091416792,0.08091108795818222,0.8641828011276499
2,0.057834779779347964,0.08675212061659426,0.8554130996040578
2,0.06105564137385922,0.08778182057867538,0.8511625380474654
2,0.06855002557487515,0.15240518373537656,0.7790447906897482
2,0.057834779779347964,0.08675212061659426,0.8554130996040578
2,0.09349432396629656,0.14260618257034746,0.7638994934633561
2,0.17971190819212723,0.16143059958385808,0.6588574922240147
2,0.06932649134125918,0.16030324817233574,0.770370260486405
1,0.08549610885415142,0.23510792574063796,0.6793959654052106
2,0.12810912941293026,0.2771275215154088,0.594763349071661
2,0.10357825536472548,0.266369384731334,0.6300523599039406
0,0.06348056013336732,0.16773836582735352,0.7687810740392792
2,0.07571041279476678,0.13011135947594782,0.7941782277292854
0,0.059484222273277425,0.19498571766194506,0.7455300600647776
2,0.09127771691868594,0.2270622416090102,0.6816600414723037
2,0.11037443190671638,0.1342872446885345,0.755338323404749
2,0.059484222273277425,0.19498571766194506,0.7455300600647776
1,0.07318213165404577,0.11294862228591153,0.8138692460600426
0,0.06469080298028591,0.20435771617936274,0.7309514808403513
2,0.09024568333088888,0.22959529972296053,0.6801590169461506
1,0.11008643776936303,0.225281726613513,0.664631835617124
2,0.03250563922605924,0.048573289504217604,0.9189210712697231
2,0.020776117783596677,0.03315056766189656,0.9460733145545067
2,0.008230503162166761,0.04923160095210734,0.9425378958857259
2,0.03635589583980581,0.14111633875069723,0.8225277654094969
2,0.030352207212225563,0.16012154290798228,0.8095262498797922
2,0.008722067701479548,0.12102541609972522,0.8702525161987953
1,0.06461789647605251,0.17598360199630864,0.7593985015276388
1,0.06431622855000085,0.18679524170939982,0.7488885297405993
2,0.08830906297646343,0.2546818109671202,0.6570091260564164
2,0.06489414677403434,0.17944864788382425,0.7556572053421414
2,0.06489414677403434,0.17944864788382425,0.7556572053421414
2,0.02882035927165997,0.20528006021865863,0.7658995805096814
2,0.04787483258630445,0.17500391084832365,0.777121256565372
2,0.029154510261068144,0.12298038861791855,0.8478651011210134
2,0.0692970674062924,0.20269406743154283,0.7280088651621647
1,0.04265414236005915,0.14436551287816352,0.8129803447617773
2,0.007608281080807104,0.06402053041493781,0.928371188504255
2,0.05515957861697059,0.13286515804878027,0.8119752633342492
2,0.0692970674062924,0.20269406743154283,0.7280088651621647
2,0.030600338522802133,0.10122156771317357,0.8681780937640242
1,0.06528591678800803,0.2972558113935598,0.6374582718184321
2,0.0971810655869086,0.4282199165102805,0.4745990179028109
1,0.10210652879275466,0.4163912439473167,0.4815022272599288
1,0.059509346164137104,0.39256506319828727,0.5479255906375757
2,0.06528591678800803,0.2972558113935598,0.6374582718184321
2,0.06528591678800803,0.2972558113935598,0.6374582718184321
0,0.815643768801027,0.11996764373388573,0.06438858746508726
0,0.666553337790532,0.17656605640387085,0.15688060580559707
2,0.14051339906893154,0.30497379878878084,0.5545128021422877
2,0.44907543458281407,0.19686098129567806,0.3540635841215079
1,0.18669256510813434,0.09957695503168859,0.713730479860177
2,0.29919837270939664,0.25541675554542115,0.44538487174518215
1,0.1650253706637147,0.34045805441789706,0.49451657491838813
0,0.20339906679387948,0.16937129950253485,0.6272296337035856
2,0.2927553371653885,0.22280373370764586,0.4844409291269658
0,0.17685997530430897,0.16802262642453233,0.6551173982711587
1,0.7172875690349687,0.14289642982875664,0.13981600113627454
0,0.63802435907872,0.2707875289406401,0.09118811198063984
0,0.4345889596109534,0.40172112097878193,0.16368991941026478
1,0.733584044892914,0.11220576650882537,0.15421018859826066
0,0.6701081840514115,0.1322583806330359,0.19763343531555264
0,0.637302513268213,0.17326035972972148,0.18943712700206547
0,0.6446883508217655,0.15735570931941537,0.19795593985881926
0,0.6467148228331581,0.16254170463204107,0.19074347253480078
2,0.12659295538766197,0.1845433836250176,0.6888636609873205
2,0.20328152536042407,0.12668094780132272,0.6700375268382532
2,0.22848937773316305,0.23702246360991125,0.5344881586569258
2,0.2836113763507106,0.16209230794167917,0.5542963157076103
2,0.19317179808519855,0.18973965560257353,0.6170885463122279
2,0.03892630070755008,0.09514963523567611,0.8659240640567737
0,0.32279060226514833,0.1754956173537182,0.5017137803811335
2,0.5447074806955086,0.12078709219935946,0.3345054271051319
0,0.5622740194263891,0.12705905920599878,0.31066692136761215
0,0.32279060226514833,0.1754956173537182,0.5017137803811335
2,0.5622740194263891,0.12705905920599878,0.31066692136761215
0,0.5617906813452526,0.12238591804208188,0.31582340061266556
2,0.11016570031810068,0.10793698969794513,0.7818973099839541
2,0.18607523684215202,0.15130736114401322,0.6626174020138349
0,0.16132055900663364,0.35855331940794893,0.48012612158541745
2,0.3944723297012162,0.21896111088992357,0.3865665594088602
1,0.6544710661767797,0.11483544804247828,0.230693485780742
2,0.6385301992555105,0.19147468342168952,0.16999511732279998
1,0.15522552082072028,0.07451729288921063,0.7702571862900692
2,0.22910354662554377,0.10165258117347165,0.6692438722009847
2,0.11100971516624508,0.15715532618186379,0.7318349586518912
1,0.11638284139708358,0.16074529381928848,0.722871864783628
2,0.1091774343945955,0.15098717362592298,0.7398353919794814
2,0.17219827075712518,0.2046468983858827,0.6231548308569921
0,0.18690223893948288,0.07995600418741686,0.7331417568731002
1,0.23806021966141924,0.19809991288437656,0.5638398674542041
2,0.36828540526857884,0.24498146053583758,0.38673313419558364
2,0.28176567341804104,0.35284626438536415,0.36538806219659475
0,0.31980422523489965,0.25846236680700313,0.4217334079580971
1,0.4770334261404709,0.2951144488383365,0.2278521250211926
2,0.5729783278059972,0.23926717943069473,0.18775449276330813
0,0.22096003889101815,0.5139236543903486,0.26511630671863323
1,0.2256544278392867,0.08594038153380343,0.68840519062691
2,0.31673666899241176,0.28540339444422547,0.3978599365633628
2,0.3978999691142688,0.16224937964143954,0.4398506512442917
0,0.360052503029256,0.18409319931501006,0.45585429765573404
2,0.20787113409775518,0.32533043042677445,0.46679843547547045
0,0.4021596717867501,0.2730551425927178,0.32478518562053205
1,0.3080562711271552,0.18301266492501164,0.5089310639478332
1,0.30065030317178143,0.19042687098588246,0.5089228258423362
1,0.10321091899512262,0.24262331324939154,0.654165767755486
1,0.2166757979294892,0.3545966848037781,0.4287275172667327
1,0.09814845624803428,0.3919386433533859,0.5099129003985798
2,0.12540337956802836,0.37200702510911365,0.502589595322858
1,0.05430055684829393,0.13743492227731546,0.8082645208743907
2,0.10604356388193766,0.3435694749685313,0.5503869611495311
2,0.05909085292657615,0.4866499157619167,0.45425923131150725
1,0.1900654883489906,0.2627574525380554,0.547177059112954
0,0.8745538128685726,0.08523021517142469,0.04021597196000274
0,0.8490393244365588,0.11767138996613555,0.033289285597305755
0,0.9412389264145797,0.04662140745291366,0.012139666132506563
0,0.87222085663785,0.08839177684864424,0.039387366513505793
0,0.9513038052913704,0.03685204456920795,0.011844150139421732
0,0.8449705975008728,0.10816156321185628,0.04686783928727103
0,0.8600697722821817,0.11416684239522916,0.025763385322589094
1,0.8818641861019189,0.07894899636709822,0.039186817530982944
0,0.8627259141207558,0.08936324678884827,0.04791083909039588
0,0.8711632600662552,0.0863062536816751,0.04253048625206974
0,0.8708630614383509,0.08998716905040817,0.039149769511240884
0,0.9036318866256147,0.07219535505883692,0.024172758315548274
0,0.9399670070907858,0.053280162532751134,0.00675283037646288
1,0.8894624424322887,0.08371371112318403,0.026823846444527323
0,0.8074758779056505,0.16579603130386236,0.026728090790487012
0,0.8844724320070138,0.08194148934695207,0.03358607864603433
0,0.9206274670163402,0.05265499902119209,0.026717533962467798
0,0.7541498883913134,0.1529406978260906,0.0929094137825961
0,0.9610471609427266,0.03128089599370511,0.007671943063568433
0,0.8407963939805538,0.10472699146047391,0.054476614558972306
1,0.777824056673884,0.15965371425871366,0.0625222290674024
0,0.8097671627313857,0.16366974268235585,0.026563094586258353
0,0.9426567441595627,0.04212222443498704,0.015221031405450119
0,0.7678124711083778,0.1578528863443748,0.07433464254724724
0,0.8656525250307683,0.11225916212201596,0.022088312847215755
1,0.7008169068861454,0.19292031707802218,0.10626277603583241
0,0.8218469966476828,0.14239567573696307,0.03575732761535419
1,0.8759320097032001,0.08079864310208655,0.04326934719471345
0,0.7003499769468046,0.1578670502019853,0.14178297285121005
0,0.6673276207382346,0.17255447785537134,0.1601179014063941
1,0.36303463765286503,0.2708899542317965,0.3660754081153385
0,0.510371213454592,0.23111533477201318,0.25851345177339485
1,0.46824418522428335,0.24995376960336502,0.2818020451723515
2,0.22629660430096205,0.270592209972154,0.503111185726884
0,0.8483258265791878,0.12545910192920406,0.026215071491608222
0,0.6359616289770016,0.23600470728050096,0.12803366374249753
1,0.8538610040425649,0.11977138187398038,0.026367614083454522
0,0.8443442641334963,0.12437088031749957,0.031284855549004155
0,0.840199002539103,0.13206416449322914,0.027736832967667872
0,0.7710567573144761,0.19062193227044186,0.038321310415082036
1,0.7498715269039053,0.2008686609174812,0.0492598121786135
0,0.7373517296190295,0.21562108686406858,0.047027183516901994
0,0.6282456242384448,0.2202058047853909,0.15154857097616434
1,0.6949373410586811,0.20408237893402278,0.10098028000729616
0,0.6949373410586811,0.20408237893402278,0.10098028000729616
1,0.651477735969228,0.24450951944607155,0.10401274458470042
0,0.8748430229571766,0.08814717784623395,0.03700979919658943
0,0.8114987153075894,0.132379444848459,0.05612183984395156
0,0.8775356759020614,0.08520122260253071,0.037263101495407944
0,0.9463805720626243,0.04797146757793288,0.005647960359442916
0,0.9671635638485182,0.028787806350375447,0.004048629801106241
0,0.9688030405070642,0.027519426758456478,0.003677532734479347
0,0.8841727658582189,0.08100982652123938,0.0348174076205416
0,0.8841727658582189,0.08100982652123938,0.0348174076205416
0,0.9375389604775364,0.04238939711647007,0.020071642405993472
0,0.9217063553996054,0.06329577972552815,0.014997864874866358
0,0.9345951658176865,0.04481009587593513,0.020594738306378226
0,0.9376467646120941,0.043532154518156826,0.018821080869749127
0,0.9217873453222442,0.0627233726446807,0.015489282033075105
0,0.8841727658582189,0.08100982652123938,0.0348174076205416
0,0.9735985994480711,0.023001544877274453,0.003399855674654495
0,0.9726372709992398,0.02392445701957745,0.003438271981182708
0,0.8841727658582189,0.08100982652123938,0.0348174076205416
0,0.9234996218030287,0.060270079565815725,0.01623029863115566
0,0.9435873412434425,0.046640327741104784,0.009772331015452778
0,0.8932661245682497,0.08478456536547462,0.02194931006627567
1,0.7697132554532555,0.1912045495765614,0.039082194970182955
0,0.7708454619476779,0.16809239485774605,0.06106214319457611
1,0.604885685407473,0.2120748746627814,0.18303943992974542
0,0.6503403324424244,0.23791942899188384,0.1117402385656918
1,0.1135437154202595,0.18882118598035624,0.6976350985993842
2,0.5358355741328238,0.27378325494505,0.19038117092212617
1,0.2773068696143274,0.2716175540538818,0.45107557633179074
2,0.30006707622027384,0.35255882365884883,0.3473741001208773
2,0.302087245734894,0.30925642728404323,0.3886563269810628
2,0.45316061123118434,0.3402602716304672,0.20657911713834845
1,0.3628668932174906,0.4173890911543451,0.21974401562816445
2,0.45316061123118434,0.3402602716304672,0.20657911713834845
0,0.292681051454181,0.36618643699012277,0.3411325115556963
1,0.3245587682851834,0.3084301697754759,0.3670110619393408
0,0.32634963699501035,0.3138041726992281,0.35984619030576154
1,0.364030240123031,0.41570676192916534,0.22026299794780377
0,0.45934026625765473,0.29532935824199713,0.2453303755003482
0,0.3320826460288207,0.32553061057712857,0.34238674339405073
0,0.4987516681990042,0.2727181787879702,0.22853015301302565
1,0.4039598571228186,0.3069346890712,0.2891054538059814
2,0.4622264695070182,0.27374553773910426,0.2640279927538774
2,0.3320826460288207,0.32553061057712857,0.34238674339405073
1,0.2913820858880709,0.3305049391391559,0.37811297497277324
1,0.3175585506856932,0.3663515080773486,0.3160899412369582
0,0.2997570849443964,0.3081026962946965,0.39214021876090704
2,0.3169693413821131,0.35238587012318745,0.3306447884946995
0,0.4676853339038822,0.4121358573725315,0.12017880872358633
1,0.8034146146773566,0.11712941909576306,0.07945596622688036
2,0.20644413318546628,0.2796382069771604,0.5139176598373733
2,0.21321875295846426,0.30223303090858233,0.4845482161329533
2,0.035268446206932834,0.21084407583529838,0.7538874779577688
2,0.21370461948849276,0.3060824477001044,0.4802129328114027
2,0.04927180898874618,0.14160975739799947,0.8091184336132543
2,0.0596426084088656,0.19888760276064193,0.7414697888304925
1,0.07844810000746728,0.3227622964277239,0.5987896035648088
2,0.024655105104822266,0.3649000239707058,0.610444870924472
2,0.051219328078200545,0.21736428332453872,0.7314163885972607
2,0.04975022313863527,0.22268247612185083,0.7275673007395139
2,0.04927180898874618,0.14160975739799947,0.8091184336132543
2,0.013709242266392935,0.38462196127748327,0.6016687964561238
1,0.04927180898874618,0.14160975739799947,0.8091184336132543
2,0.025792792182227433,0.33019833508878793,0.6440088727289845
2,0.060652253070529016,0.0381349395145378,0.9012128074149331
2,0.1746929350777602,0.24252673744832626,0.5827803274739135
2,0.09867531338316209,0.1362723064042876,0.7650523802125504
2,0.1185499387993109,0.18694005176363185,0.6945100094370573
2,0.07168839448735458,0.17819997653127953,0.7501116289813657
2,0.07168839448735458,0.17819997653127953,0.7501116289813657
0,0.7348979216826005,0.20265996194759262,0.0624421163698069
0,0.8783476203347322,0.10087378116357125,0.020778598501696645
0,0.8582597237883492,0.11508170554948065,0.026658570662170235
1,0.9310416267884698,0.05737539101877993,0.011582982192750243
0,0.8119631306224592,0.14798335523396342,0.04005351414357748
0,0.79012838182611,0.15895104366084373,0.05092057451304639
0,0.8369746105468079,0.10995981129982278,0.05306557815336922
0,0.8914615847092673,0.08932560333724474,0.019212811953487948
0,0.881107727352946,0.1005011364627691,0.018391136184284836
0,0.8576842537221931,0.09834447147170584,0.04397127480610119
0,0.9559781551940242,0.03701761131757458,0.007004233488401268
0,0.9245448369566899,0.05454807225113732,0.020907090792172803
0,0.9036285581359081,0.07771936455227671,0.0186520773118153
0,0.881107727352946,0.1005011364627691,0.018391136184284836
0,0.9046838287768946,0.07483336067025091,0.02048281055285448
0,0.9617428929035216,0.030881122271208684,0.007375984825269714
0,0.7341619149577087,0.16757876572601704,0.09825931931627446
0,0.756751969939441,0.1963086426254621,0.046939387435096964
0,0.9593297367784271,0.03477289276473195,0.005897370456840829
0,0.756751969939441,0.1963086426254621,0.046939387435096964
0,0.79012838182611,0.15895104366084373,0.05092057451304639
0,0.895951969512382,0.07275291203430842,0.031295118453309685
0,0.7088881791833899,0.20262609007188861,0.08848573074472149
0,0.8511399160854215,0.11432055381703513,0.03453953009754345
0,0.9019630582090935,0.07694454589269438,0.021092395898212088
1,0.9040353306295448,0.07970856234635558,0.016256107024099724
0,0.9723492211387769,0.02446236066218225,0.0031884181990410017
0,0.9090458843125464,0.06622780134562095,0.024726314341832575
0,0.9332082678020882,0.053513202296186314,0.013278529901725315
0,0.934253726151867,0.052927514779003954,0.012818759069129153
0,0.9245090056340871,0.062099390476471124,0.013391603889441777
0,0.9285623557501957,0.058324829609170036,0.013112814640634232
0,0.9436636196372157,0.05044119812253722,0.005895182240247113
0,0.9299592063525285,0.04917225588921099,0.020868537758260607
0,0.9302998716653151,0.05633323176690718,0.013366896567777594
0,0.9320010596942337,0.04627117355443938,0.02172776675132682
0,0.9302998716653151,0.05633323176690718,0.013366896567777594
0,0.9302998716653151,0.05633323176690718,0.013366896567777594
0,0.9440503481086202,0.03942609363969438,0.016523558251685274
0,0.9324197748252756,0.0552131690667954,0.012367056107929137
0,0.9626729187852481,0.033745558149795955,0.0035815230649561556
0,0.9014073713269036,0.06678030448040141,0.03181232419269481
0,0.9411081183878246,0.050473165366638754,0.008418716245536592
0,0.8991921999531554,0.06751428460641629,0.03329351544042831
0,0.9302998716653151,0.05633323176690718,0.013366896567777594
0,0.9338268848902201,0.0577055737380672,0.008467541371712607
0,0.9392784836632597,0.04356123439695216,0.017160281939788
0,0.9307640212519105,0.06049416190691675,0.00874181684117279
0,0.9392784836632597,0.04356123439695216,0.017160281939788
0,0.9307640212519105,0.06049416190691675,0.00874181684117279
0,0.923630584950758,0.06698911175435725,0.009380303294884835
0,0.9327027446791522,0.06228741510662513,0.005009840214222849
0,0.9158175897527462,0.05602140820658083,0.028161002040672994
0,0.920060318385297,0.05340159221780834,0.026538089396894553
0,0.9018289619152401,0.07847875517316624,0.019692282911593716
1,0.9347921991017282,0.04795385909867591,0.01725394179959584
0,0.9355470126336718,0.05619379614677017,0.008259191219558095
0,0.9225162694671828,0.0636055723527707,0.013878158180046424
0,0.9426718807898805,0.04067587490539408,0.01665224430472539
0,0.9225162694671828,0.0636055723527707,0.013878158180046424
0,0.9469839304383852,0.037318659055022366,0.015697410506592336
0,0.9205521757064196,0.06583703125392582,0.01361079303965458
0,0.9469839304383852,0.037318659055022366,0.015697410506592336
0,0.9469839304383852,0.037318659055022366,0.015697410506592336
0,0.9429245565630944,0.03948771884242878,0.017587724594476915
0,0.9352384244583105,0.056863628871649655,0.007897946670039938
0,0.9369675827810745,0.0425224361724286,0.02050998104649698
0,0.9420780786086966,0.04080404181105191,0.017117879580251502
0,0.923658894963546,0.066901686246083,0.009439418790370914
1,0.9465363401267599,0.038102953179178424,0.015360706694061711
0,0.9151264181610493,0.06989759918647927,0.014975982652471319
0,0.9151264181610493,0.06989759918647927,0.014975982652471319
0,0.9446608193192232,0.039529410263613445,0.015809770417163242
0,0.9352384244583105,0.056863628871649655,0.007897946670039938
0,0.9181109435539527,0.06333122582846756,0.018557830617579846
0,0.9312575233170586,0.06053422431185306,0.008208252371088368
0,0.918275047789442,0.06285034367295207,0.01887460853760595
0,0.9346294297903744,0.04446108535567466,0.020909484853950916
0,0.9352384244583105,0.056863628871649655,0.007897946670039938
0,0.9816129072007366,0.01653067099383565,0.0018564218054276836
0,0.981553328575661,0.01657125568115754,0.0018754157431814184
0,0.9360998263388032,0.043938671653573846,0.01996150200762293
0,0.9151264181610493,0.06989759918647927,0.014975982652471319
0,0.9151264181610493,0.06989759918647927,0.014975982652471319
0,0.9420780786086966,0.04080404181105191,0.017117879580251502
0,0.9472610146326148,0.03701017769143679,0.015728807675948437
0,0.9239132766783897,0.06681577996615601,0.009270943355454211
0,0.926986426201142,0.06334847395490295,0.009665099843955019
0,0.9352384244583105,0.056863628871649655,0.007897946670039938
0,0.9407692342636984,0.0412966898075781,0.0179340759287236
0,0.9446608193192232,0.039529410263613445,0.015809770417163242
0,0.9352384244583105,0.056863628871649655,0.007897946670039938
0,0.9787231492114811,0.018719098274619653,0.0025577525138993696
0,0.9787231492114811,0.018719098274619653,0.0025577525138993696
0,0.9407692342636984,0.0412966898075781,0.0179340759287236
0,0.9352384244583105,0.056863628871649655,0.007897946670039938
0,0.9407692342636984,0.0412966898075781,0.0179340759287236
0,0.9822062764186609,0.015503022784321138,0.0022907007970180116
0,0.9429245565630944,0.03948771884242878,0.017587724594476915
0,0.9151264181610493,0.06989759918647927,0.014975982652471319
0,0.9446608193192232,0.039529410263613445,0.015809770417163242
0,0.9420780786086966,0.04080404181105191,0.017117879580251502
0,0.9151264181610493,0.06989759918647927,0.014975982652471319
0,0.9151264181610493,0.06989759918647927,0.014975982652471319
0,0.9448597442562293,0.03870915755514969,0.01643109818862097
0,0.9379428321346119,0.043117403916776396,0.018939763948611476
2,0.9379428321346119,0.043117403916776396,0.018939763948611476
0,0.9299767536141438,0.056367767295417294,0.013655479090438792
0,0.9216183674914791,0.06277721661857148,0.015604415889949578
0,0.9670324236958332,0.02949649609813,0.003471080206036648
0,0.9763161100752019,0.02066356338095348,0.003020326543844658
0,0.9420780786086966,0.04080404181105191,0.017117879580251502
0,0.9769947492770265,0.01902074332608094,0.003984507396892659
0,0.9444186223787491,0.03920355898074358,0.016377818640507177
0,0.9444186223787491,0.03920355898074358,0.016377818640507177
0,0.9143137516893088,0.07073761448724647,0.01494863382344475
1,0.9374406826968507,0.04441816554869445,0.018141151754454823
1,0.9426718807898805,0.04067587490539408,0.01665224430472539
0,0.9374406826968507,0.04441816554869445,0.018141151754454823
0,0.9131739187533233,0.0729824320434042,0.01384364920327239
0,0.9131739187533233,0.0729824320434042,0.01384364920327239
1,0.9374406826968507,0.04441816554869445,0.018141151754454823
0,0.9426092198753983,0.0401694900831471,0.017221290041454583
0,0.9374406826968507,0.04441816554869445,0.018141151754454823
0,0.9143137516893088,0.07073761448724647,0.01494863382344475
0,0.9739652102848562,0.020952361606273184,0.005082428108870492
0,0.9426718807898805,0.04067587490539408,0.01665224430472539
0,0.9374406826968507,0.04441816554869445,0.018141151754454823
0,0.9426718807898805,0.04067587490539408,0.01665224430472539
0,0.9374406826968507,0.04441816554869445,0.018141151754454823
0,0.9444186223787491,0.03920355898074358,0.016377818640507177
0,0.9221579707849363,0.06993656932463185,0.007905459890431869
0,0.9374406826968507,0.04441816554869445,0.018141151754454823
0,0.9156262836635606,0.07156036994774022,0.012813346388699253
0,0.9169727535819132,0.07437006678547371,0.008657179632613
0,0.9473217270401112,0.03649354354727623,0.016184729412612408
0,0.7940098135021287,0.15348578112529154,0.052504405372579825
0,0.4971777088601035,0.24964950751467843,0.2531727836252181
1,0.853250869159088,0.10280115147741616,0.04394797936349583
2,0.49658382324223693,0.252796460776986,0.25061971598077704
1,0.6083143843395729,0.3092861418939825,0.08239947376644467
2,0.5925639769849811,0.3218464929945252,0.08558953002049365
2,0.5277211148295703,0.21858404788660318,0.2536948372838264
0,0.4635482059300118,0.2319397035558351,0.30451209051415323
2,0.5423188834527417,0.23762474609272244,0.22005637045453572
0,0.4273568035544244,0.3127380636500982,0.25990513279547744
0,0.49977856785042396,0.21778871642663486,0.2824327157229412
0,0.32276723785080474,0.3077114838203882,0.369521278328807
1,0.32825919481326504,0.3408266577919499,0.3309141473947851
0,0.210142078289037,0.3669451624119319,0.42291275929903116
2,0.3877466935871038,0.2249097914752733,0.38734351493762287
2,0.4903075776247026,0.21554515882520806,0.2941472635500893
0,0.7600031980305477,0.10989162356042734,0.13010517840902502
0,0.5185708800282721,0.1926271950881663,0.28880192488356154
0,0.7053426917720149,0.1431073276375353,0.15154998059044975
0,0.600830350496287,0.19878066004733366,0.20038898945637948
1,0.5909873344891974,0.18760433247702107,0.22140833303378152
0,0.644418805592381,0.20085474780922333,0.15472644659839574
0,0.6819819065533492,0.11839340403347892,0.19962468941317185
0,0.603626904070038,0.23038866964104787,0.165984426288914
0,0.8417625994478594,0.07745947332467988,0.08077792722746083
0,0.6476078977877161,0.17782337544306545,0.17456872676921845
0,0.6072026434530108,0.2517061829854543,0.14109117356153486
0,0.5353725419366404,0.176183313439871,0.28844414462348855
0,0.8343302244113557,0.1152678780706372,0.05040189751800701
0,0.8618766793656382,0.11369448635486064,0.02442883427950115
0,0.6980175783484428,0.18050721444286458,0.12147520720869272
0,0.8328486286264521,0.1179568929564223,0.04919447841712558
1,0.8328486286264521,0.1179568929564223,0.04919447841712558
1,0.793777280541874,0.16992334865407546,0.036299370804050615
0,0.73193766655711,0.21354240851127057,0.054519924931619446
0,0.740948119933389,0.20798749625651006,0.051064383810100894
0,0.6980175783484428,0.18050721444286458,0.12147520720869272
0,0.8717028941527375,0.11283551839762127,0.015461587449641151
0,0.8501801082879819,0.09099694762150592,0.05882294409051222
0,0.813089505913465,0.14138648969786163,0.04552400438867347
0,0.9321410677931193,0.06063421744031133,0.007224714766569471
0,0.8210742859667427,0.10556940978630665,0.07335630424695062
0,0.9483358891509923,0.043020815945034686,0.008643294903973107
0,0.8309141164449028,0.11069203427359858,0.058393849281498655
0,0.8277918338871462,0.1396669852399621,0.0325411808728917
0,0.8486249460308483,0.11731818699472751,0.03405686697442425
2,0.7770788635466848,0.17995352264873332,0.04296761380458203
0,0.7074490495550366,0.18569784173826076,0.10685310870670256
0,0.717070481778614,0.18705279590981908,0.09587672231156678
1,0.7457864748736284,0.18765475221079866,0.06655877291557309
2,0.8211420407514944,0.14060858116719,0.03824937808131573
0,0.8211420407514944,0.14060858116719,0.03824937808131573
0,0.8210742859667427,0.10556940978630665,0.07335630424695062
0,0.8888511152986425,0.1028326506172123,0.008316234084145283
0,0.8091709932931334,0.14456901077087994,0.046259995935986536
0,0.8091709932931334,0.14456901077087994,0.046259995935986536
0,0.8159735272091259,0.11242266606266495,0.0716038067282091
0,0.8159735272091259,0.11242266606266495,0.0716038067282091
0,0.8086835963544758,0.12368403924234588,0.06763236440317832
0,0.8305724877504326,0.10689455376136955,0.06253295848819782
0,0.5378970639211451,0.285665493168783,0.17643744291007193
1,0.08678788582944574,0.136192476830034,0.7770196373405202
0,0.6446883508217655,0.15735570931941537,0.19795593985881926
0,0.7435617049096988,0.1440637839617071,0.11237451112859428
0,0.8486249460308483,0.11731818699472751,0.03405686697442425
0,0.8984186008820267,0.07841304885415012,0.0231683502638231
2,0.5725189052437866,0.15458724244202987,0.2728938523141836
0,0.8351580247882064,0.11452095459923597,0.05032102061255761
1,0.7815107642802668,0.12717791592345798,0.09131131979627527
0,0.7803420170432105,0.18344811649460074,0.03620986646218871
0,0.9347809074820473,0.04567143581113108,0.01954765670682175
0,0.9311623223773414,0.04907097227324469,0.019766705349413948
0,0.17084607548079653,0.184164672875922,0.6449892516432815
2,0.0713477033540296,0.28090032696842165,0.6477519696775487
0,0.9876797785406217,0.011605597292740662,0.0007146241666376173
1,0.02630187274844439,0.09060698000258023,0.8830911472489754
1,0.9643194201929651,0.030277908763367903,0.005402671043666906
0,0.8028801493802561,0.13590329584852784,0.061216554771216056
1,0.5163322323226387,0.23165556981531657,0.25201219786204476
1,0.7924858345720606,0.14277284395226822,0.06474132147567113
1,0.19280591637468494,0.3299478621306582,0.4772462214946568
0,0.8236417008235053,0.11237461497641707,0.06398368420007751
0,0.905621925158975,0.07973776609122488,0.014640308749799916
0,0.7492893948408448,0.1709478988447278,0.07976270631442761
1,0.06528591678800803,0.2972558113935598,0.6374582718184321
0,0.9533962756281813,0.03853318593597352,0.008070538435845157
0,0.6731521884810592,0.1816474890773722,0.1452003224415686
1,0.10779678769789151,0.35765806518706733,0.5345451471150412
0,0.7005142202317509,0.18748212562075212,0.11200365414749702
2,0.0886023517360426,0.23896598327745044,0.672431664986507
0,0.9643557091855469,0.029938242923126118,0.005706047891326977
2,0.17338144280550472,0.38653070219135977,0.4400878550031356
0,0.9726253941777598,0.019448536075797225,0.007926069746442931
0,0.9444186223787491,0.03920355898074358,0.016377818640507177
2,0.15456781414644064,0.18880569360977276,0.6566264922437867
0,0.9202857070047663,0.06633341621771034,0.013380876777523412
0,0.9090458843125464,0.06622780134562095,0.024726314341832575
0,0.7246099653141824,0.17376506142301953,0.10162497326279803
0,0.02890711925465736,0.17692053891405787,0.7941723418312847
0,0.6518626271809447,0.2704477577663058,0.07768961505274963
2,0.011676649868514884,0.06238052823909171,0.9259428218923935
2,0.2518350851010774,0.27591036231271476,0.47225455258620785
2,0.2712675755962671,0.2174077245919627,0.5113246998117702
1,0.9317562316251932,0.056488580962128325,0.011755187412678437
1,0.14210892962481975,0.45723116916393036,0.40065990121125
1,0.928145959438361,0.05908617103226304,0.012767869529376108
0,0.643057473233489,0.10507976694634166,0.25186275982016926
0,0.956756350136424,0.03742190112679698,0.005821748736778972
0,0.7079161266079803,0.12183849042463314,0.17024538296738656
1,0.7994403503578505,0.11746003849637442,0.083099611145775
2,0.19684756310811546,0.2574806953178563,0.5456717415740283
2,0.07033224405295098,0.20065292020672038,0.7290148357403288
0,0.6385301992555105,0.19147468342168952,0.16999511732279998
1,0.87944998091984,0.1037595514883271,0.016790467591832968
0,0.831073150334868,0.10986617734398528,0.05906067232114697
0,0.32131473196767874,0.2173452395733887,0.4613400284589325
0,0.0948516015970865,0.15073834339454018,0.7544100550083733
0,0.5777294253404665,0.2513100107087707,0.1709605639507628
0,0.8111868269129652,0.1486749909482717,0.04013818213876321
0,0.787330115608435,0.1462028171346968,0.06646706725686817
2,0.6722380686424887,0.16495064923375857,0.16281128212375273
1,0.3958065399323192,0.29741360446492743,0.30677985560275334
0,0.9448597442562293,0.03870915755514969,0.01643109818862097
2,0.0982364239049381,0.18387009615337044,0.7178934799416915
1,0.8738899593455962,0.09429311464757706,0.03181692600682667
0,0.529820208606632,0.31631776908861325,0.1538620223047547
0,0.9352384244583105,0.056863628871649655,0.007897946670039938
0,0.7748053344634634,0.1772528845675111,0.047941780969025474
0,0.37338542548652226,0.13943017635067678,0.48718439816280096
0,0.6469047682521548,0.19969950450052631,0.15339572724731884
1,0.534652051299915,0.43497359383723405,0.030374354862851075
0,0.8775356759020614,0.08520122260253071,0.037263101495407944
0,0.8837011397586214,0.08068777043708913,0.03561108980428949
1,0.2462159047208821,0.2902899163168334,0.4634941789622845
2,0.5168500974605756,0.17717562531776415,0.3059742772216602
1,0.04125933661225533,0.13997400526118736,0.8187666581265574
2,0.07963201388768498,0.21034453328110161,0.7100234528312135
1,0.560271741525493,0.25521828318995876,0.1845099752845483
0,0.07947804139999617,0.19297991779832552,0.7275420408016783
2,0.1734738888460348,0.19751864481378165,0.6290074663401836
0,0.770528055162235,0.17162861971840074,0.05784332511936426
0,0.6994816803297393,0.19674794382199362,0.1037703758482669
2,0.09341176181809181,0.17179193188454797,0.7347963062973603
2,0.06237016599552554,0.47493667824457936,0.46269315575989517
1,0.7892834875009905,0.12019747712376758,0.09051903537524181
0,0.35971045468323665,0.2900873948654791,0.3502021504512843
0,0.906485940060898,0.06182830626340387,0.031685753675698224
0,0.9080673692462747,0.05941871581934371,0.032513914934381716
2,0.06685949974421171,0.19330121332678682,0.7398392869290015
2,0.05188004657056311,0.1713066084874943,0.7768133449419425
0,0.9367517594017941,0.05293165879747898,0.010316581800726945
2,0.06149844871735953,0.12091472771843971,0.8175868235642009
1,0.07275907154193964,0.12218051047994036,0.80506041797812
0,0.7923151951290395,0.14177312721812932,0.06591167765283124
2,0.11655323786845018,0.22366510678297333,0.6597816553485766
0,0.9382564811695184,0.04199486974801277,0.019748649082468775
0,0.7060374802798601,0.1665921969357751,0.12737032278436483
0,0.7217275449117606,0.17756177444536891,0.10071068064287059
0,0.8984443989595728,0.07335014473055788,0.028205456309869266
2,0.055203221248818955,0.06810221540598113,0.8766945633451999
2,0.02566249117030252,0.21568118567873443,0.7586563231509631
0,0.1243417149294926,0.32353975182150835,0.5521185332489991
0,0.3262510090574965,0.4446734573854183,0.22907553355708518
