target,prediction_-1,prediction_0,prediction_1
2,0.3469120852404498,0.3035311533258657,0.3495567614336845
0,0.11086072501500027,0.31311548064377653,0.5760237943412232
1,0.16014171963013527,0.42043388110224894,0.4194243992676158
1,0.10568240233580764,0.528450581424524,0.36586701623966844
2,0.19489407978596018,0.3020364357437196,0.5030694844703202
2,0.1502507161309764,0.44012638512161073,0.4096228987474129
1,0.11700817485799375,0.6160108663587115,0.2669809587832948
1,0.2146966522932451,0.4055816413888958,0.379721706317859
2,0.2146966522932451,0.4055816413888958,0.379721706317859
2,0.11700817485799375,0.6160108663587115,0.2669809587832948
2,0.1918275628601128,0.5111154257595438,0.2970570113803434
2,0.1534957750129498,0.34816766127742377,0.4983365637096265
0,0.8984297797624647,0.07659445952410274,0.02497576071343259
0,0.6988563051594069,0.16869397236350006,0.132449722477093
0,0.6988563051594069,0.16869397236350006,0.132449722477093
0,0.8751772283077952,0.09296057534829907,0.03186219634390583
2,0.18312497559141525,0.28146687109689794,0.5354081533116868
1,0.18865752930009422,0.22973758554249704,0.5816048851574087
0,0.1690104027415787,0.20477680080570365,0.6262127964527177
1,0.1507593167761027,0.1535539266324031,0.6956867565914941
2,0.10524427279248907,0.2207320985788141,0.6740236286286969
2,0.145053166705378,0.20101679779938061,0.6539300354952414
2,0.08350003806426742,0.14699433515848426,0.7695056267772483
2,0.12599588812479767,0.2118026887142476,0.6622014231609548
1,0.09933954908762989,0.1925465498316008,0.7081139010807693
2,0.2203831427855168,0.2138060338509649,0.5658108233635183
2,0.08350003806426742,0.14699433515848426,0.7695056267772483
2,0.145053166705378,0.20101679779938061,0.6539300354952414
2,0.09717910736513331,0.13885181313411749,0.7639690795007491
0,0.10402617040356003,0.1410595815135445,0.7549142480828954
2,0.21299909832617062,0.22645780933313617,0.5605430923406932
2,0.19631732761227003,0.2320500311997403,0.5716326411879897
2,0.225266968410817,0.3496518515322819,0.425081180056901
1,0.20375355561649555,0.20535269434360226,0.5908937500399021
1,0.1621852720783924,0.16375420669456675,0.6740605212270409
1,0.19319940771151214,0.3116415612233636,0.4951590310651241
0,0.1621852720783924,0.16375420669456675,0.6740605212270409
0,0.19319940771151214,0.3116415612233636,0.4951590310651241
2,0.18691882156244183,0.23802343223846,0.5750577461990982
2,0.16213903978406935,0.37109066905981397,0.4667702911561166
2,0.16213903978406935,0.37109066905981397,0.4667702911561166
2,0.20555988704318023,0.2551350302217734,0.5393050827350464
2,0.08125453351690723,0.3001033489903143,0.6186421174927784
2,0.1374101074267495,0.15958237301085118,0.7030075195623993
1,0.15097543572039285,0.14717786141295777,0.7018467028666493
2,0.16286556187292794,0.15671756728812888,0.6804168708389431
0,0.9086963130198996,0.07213955586572324,0.019164131114377043
0,0.8591743390515182,0.10807659852611375,0.032749062422368
0,0.8751772283077952,0.09296057534829907,0.03186219634390583
0,0.87449370829031,0.09856417431005016,0.02694211739963981
0,0.9215952840288649,0.059906026367573556,0.018498689603561484
0,0.835668220473687,0.114130172442566,0.05020160708374693
0,0.8445167966491612,0.11231793610266065,0.04316526724817817
0,0.875957865978447,0.09672893520400525,0.02731319881754764
0,0.867055780763273,0.09759835319511563,0.03534586604161129
0,0.8842744564795603,0.06554066214566066,0.05018488137477907
0,0.8794091507073281,0.08848119835952499,0.03210965093314711
0,0.865550560087208,0.1010125127187649,0.03343692719402701
2,0.1517345734206136,0.15883120348176918,0.6894342230976171
2,0.3041291074955656,0.22011034217397377,0.47576055033046066
2,0.0644950555269656,0.15780809172429847,0.777696852748736
1,0.16538926298866813,0.1744774922972062,0.6601332447141257
2,0.1517345734206136,0.15883120348176918,0.6894342230976171
2,0.1501730460224016,0.1601221249874752,0.6897048289901232
2,0.11702416349199968,0.2426976463152483,0.640278190192752
2,0.14812414421168296,0.27900508585205447,0.5728707699362626
0,0.8393845699137404,0.11451120908681,0.04610422099944948
0,0.8669849348674447,0.07383824907722131,0.059176816055334196
0,0.8393845699137404,0.11451120908681,0.04610422099944948
0,0.8388813716680966,0.11442528200819717,0.04669334632370622
0,0.8673183130564538,0.08009252234731265,0.05258916459623346
0,0.8463146735340918,0.10097704632101079,0.052708280144897424
0,0.8396570801974343,0.11523032873141172,0.04511259107115395
0,0.8197891994811805,0.13452859411057314,0.04568220640824639
1,0.8820359666307733,0.08889969133005116,0.029064342039175413
0,0.8561415744856414,0.09461933441170832,0.04923909110265029
0,0.7792122243051689,0.1470496060137251,0.07373816968110598
0,0.8451499167295987,0.11170650481844042,0.04314357845196093
1,0.8694178221878257,0.08966336639691097,0.04091881141526334
0,0.8001242368129552,0.1262272764687952,0.07364848671824954
0,0.8055874182465229,0.13182982472078408,0.06258275703269307
0,0.8001255023153634,0.12826648423182832,0.07160801345280834
0,0.8055874182465229,0.13182982472078408,0.06258275703269307
0,0.7996673152631646,0.14516110084708292,0.05517158388975242
0,0.8292533533952031,0.11458293394243697,0.05616371266235997
2,0.6760330459769396,0.23064339549893467,0.09332355852412574
1,0.7970394277719368,0.14737668709235333,0.055583885135709776
0,0.8755369006202405,0.09417955844602599,0.030283540933733564
0,0.866708859972475,0.10125905032791059,0.03203208969961439
0,0.8781003032566338,0.08744052801599621,0.03445916872736987
0,0.9048034736870185,0.07983739792479712,0.01535912838818435
0,0.9232182946650377,0.06087824381191409,0.015903461523048286
1,0.8843460030854099,0.08714723121064408,0.028506765703946148
0,0.8872470003732101,0.08363860563449159,0.029114393992298135
0,0.8393845699137404,0.11451120908681,0.04610422099944948
0,0.8907990249831498,0.07836709159316735,0.030833883423682876
0,0.8311473981847112,0.12160856063731916,0.04724404117796973
1,0.9237334811124644,0.05838159316681852,0.01788492572071697
0,0.9278427231629407,0.05624368244452146,0.015913594392537766
0,0.8781934101193799,0.08876775187040102,0.03303883801021886
0,0.8238120367174824,0.12869449346972417,0.04749346981279341
0,0.9096546898934392,0.06874801663316013,0.021597293473400676
0,0.8699875629139403,0.09294779471942899,0.03706464236663057
0,0.9001239097117465,0.07078808938910648,0.02908800089914705
0,0.8878353875146416,0.08502764929289708,0.02713696319246127
0,0.860183097458705,0.0845957236745171,0.055221178866777854
0,0.9231850956521831,0.05041830393665502,0.026396600411161993
0,0.8847704306909717,0.0726704893850749,0.04255907992395337
0,0.8299382013589129,0.11087666295003301,0.05918513569105403
0,0.8755369006202405,0.09417955844602599,0.030283540933733564
0,0.8798145911094634,0.09031836579949312,0.02986704309104352
2,0.07665092812258681,0.171242066409255,0.7521070054681582
2,0.07665092812258681,0.171242066409255,0.7521070054681582
2,0.08033429874724053,0.12352700068145417,0.7961387005713053
2,0.04980487235648723,0.2185813344145923,0.7316137932289205
2,0.036910445349941166,0.07011984300851437,0.8929697116415445
2,0.11061702414139762,0.1278738253615945,0.761509150497008
2,0.06241700949360402,0.2906203015864003,0.6469626889199958
2,0.06627338022798833,0.18830976990809936,0.7454168498639123
2,0.03335806690546467,0.12426566794564829,0.842376265148887
2,0.06353200202217933,0.18502996079254322,0.7514380371852775
2,0.06241700949360402,0.2906203015864003,0.6469626889199958
2,0.058702211991316484,0.17358606914249736,0.7677117188661862
2,0.10262991208218379,0.12000527364640046,0.7773648142714158
2,0.04599378909565433,0.21235181866487535,0.7416543922394704
2,0.035451199545722976,0.07588395746449496,0.888664842989782
2,0.07499988631505514,0.12115217862602812,0.8038479350589166
2,0.08349364698846726,0.15345351599570953,0.7630528370158232
2,0.056541947489636715,0.10665769961656218,0.8368003528938011
2,0.04575914827602866,0.09307856853221323,0.8611622831917581
2,0.11255537672610846,0.1348196689010239,0.7526249543728677
2,0.050235098629253204,0.10425935340668019,0.8455055479640665
2,0.11255537672610846,0.1348196689010239,0.7526249543728677
2,0.06759309420242687,0.11939728696670447,0.8130096188308688
2,0.050235098629253204,0.10425935340668019,0.8455055479640665
2,0.08507785298013293,0.3979320736706519,0.5169900733492152
2,0.12045580392444506,0.26355218187865653,0.6159920141968983
2,0.08033429874724053,0.12352700068145417,0.7961387005713053
1,0.08984285789105056,0.16330947823853945,0.74684766387041
2,0.139592222952687,0.16854724486956818,0.6918605321777449
2,0.11432576448381365,0.19442922572972357,0.6912450097864627
0,0.0956522916698694,0.13456785196639007,0.7697798563637406
2,0.12966315311038584,0.13987125291518854,0.7304655939744256
0,0.05190058778527389,0.22301855161898712,0.7250808605957391
2,0.08984285789105056,0.16330947823853945,0.74684766387041
2,0.16715561146016486,0.17029368361876293,0.6625507049210723
2,0.07268373031190599,0.19498320510467004,0.7323330645834241
1,0.1412763458942606,0.15611404464192005,0.7026096094638193
0,0.05156477020398064,0.1917030167046178,0.7567322130914015
2,0.09882076223328133,0.21475373102943723,0.6864255067372814
1,0.1287610373284438,0.2765412607475801,0.5946977019239761
2,0.07884204933914887,0.17832185583264304,0.7428360948282081
2,0.07884204933914887,0.17832185583264304,0.7428360948282081
2,0.04500304050075832,0.2062639137433522,0.7487330457558895
2,0.017857602494406245,0.11011140466013572,0.8720309928454579
2,0.07423895090874473,0.17756730921901498,0.7481937398722402
2,0.050826911030131504,0.20799829415123097,0.7411747948186376
1,0.01849885889192005,0.11911923040277876,0.8623819107053012
1,0.07106205998124235,0.14839530312899346,0.7805426368897642
2,0.06526639995102337,0.2523100511948465,0.6824235488541301
2,0.018177994441494056,0.12778977364362168,0.8540322319148843
2,0.01750618262720581,0.11726118245980394,0.8652326349129902
2,0.06352353303276635,0.3149833659959755,0.6214931009712582
2,0.06767426472258414,0.18421141621471407,0.7481143190627018
2,0.029998342611816248,0.18786742972986065,0.7821342276583231
2,0.058914202883232424,0.14574449409096163,0.7953413030258059
1,0.06940976015467593,0.17393592873869299,0.7566543111066311
2,0.04205676383976259,0.18813459224693638,0.7698086439133011
2,0.01787999412708709,0.14776031300136527,0.8343596928715475
2,0.06424647148718135,0.13524552995076441,0.8005079985620542
2,0.032233872418532025,0.25543708847545543,0.7123290391060126
1,0.03469726054231376,0.6648931495194879,0.3004095899381985
2,0.03701678157181684,0.4656079315911993,0.4973752868369839
1,0.035733762763476125,0.4475629232001675,0.5167033140363564
1,0.12413455581221088,0.3593346671399025,0.5165307770478867
2,0.03469726054231376,0.6648931495194879,0.3004095899381985
2,0.03469726054231376,0.6648931495194879,0.3004095899381985
0,0.8398971003430921,0.11194972998845659,0.04815316966845142
0,0.7935694678721581,0.1384108220170519,0.06801971011079007
2,0.21623369670592982,0.26590990174583873,0.5178564015482314
2,0.2568854745930976,0.18195359369441183,0.5611609317124905
1,0.3164969269898883,0.18891018613263452,0.49459288687747727
2,0.21496508588720328,0.2263420012486684,0.5586929128641283
1,0.16639502467069328,0.2637069155719942,0.5698980597573124
0,0.16668547243001852,0.13364277093139695,0.6996717566385846
2,0.26507305672403964,0.271535658544814,0.4633912847311464
0,0.300874349727133,0.21373061880169167,0.4853950314711753
1,0.7501452498489476,0.12505418478046568,0.1248005653705867
0,0.6167973114042768,0.21583545590706235,0.16736723268866088
0,0.6990121101075192,0.1836782757318668,0.11730961416061396
1,0.6703020194795546,0.13358446423112746,0.19611351628931808
0,0.7406868198694242,0.16844681228539987,0.09086636784517595
0,0.7922220742571576,0.11656419913672537,0.09121372660611703
0,0.7605072126402372,0.12299704073662535,0.11649574662313736
0,0.7601460790582818,0.12365308757010893,0.11620083337160927
2,0.19352656456273729,0.22282533825489373,0.583648097182369
2,0.24534626200754622,0.22186456094506787,0.5327891770473859
2,0.2989928255653328,0.21466412492679296,0.4863430495078742
2,0.19574444406955419,0.12465134825602345,0.6796042076744224
2,0.24953991595791458,0.19630890203389945,0.5541511820081859
2,0.3108776579055455,0.22744499480497607,0.46167734728947835
0,0.2137142487950978,0.13421482560747042,0.6520709255974318
2,0.4334636239699677,0.1479332103658295,0.4186031656642028
0,0.47319465739012573,0.14827406509391344,0.37853127751596094
0,0.21594619449201402,0.1422346448860147,0.6418191606219713
2,0.47319465739012573,0.14827406509391344,0.37853127751596094
0,0.47319465739012573,0.14827406509391344,0.37853127751596094
2,0.1511715847443404,0.2150722191496836,0.633756196105976
2,0.22005933538133682,0.2285486216306755,0.5513920429879876
0,0.18373516478529725,0.35240721725029367,0.46385761796440916
2,0.23818853390210679,0.28887582693609437,0.4729356391617988
1,0.4617401448019295,0.33652641202545575,0.20173344317261477
2,0.6740223297937528,0.19234275524314107,0.13363491496310612
1,0.27059071414380226,0.31708173246217464,0.4123275533940231
2,0.22237062445982136,0.3130730848767733,0.4645562906634053
2,0.06101329171848665,0.3322057610749247,0.6067809472065886
1,0.10504065207426816,0.19704700061041863,0.6979123473153133
2,0.15671485420223044,0.2549386076453168,0.5883465381524529
2,0.20177590914437474,0.2910556535219726,0.5071684373336527
0,0.2522694197789519,0.3149561355960692,0.43277444462497894
1,0.20290768040294663,0.1500068771786407,0.6470854424184126
2,0.36700159320918935,0.2578273430505549,0.3751710637402558
2,0.2301340127627649,0.21573926281522285,0.5541267244220123
0,0.3154787171257444,0.3794194579609454,0.3051018249133103
1,0.35971097794834805,0.30712509940089366,0.3331639226507583
2,0.4328447057070909,0.26587396142069186,0.3012813328722173
0,0.25932769839370085,0.4039429381025031,0.3367293635037961
1,0.3642819194322303,0.24304656378175035,0.39267151678601925
2,0.36336892748671595,0.22830974384358493,0.40832132866969906
2,0.39006675344867203,0.14561444927194675,0.4643187972793812
0,0.2773803547908252,0.22450405350114566,0.49811559170802905
2,0.4677771444556633,0.30064964184741777,0.231573213696919
0,0.2722963084709333,0.3001919731495616,0.42751171837950513
1,0.39947539531461956,0.24864110243417753,0.351883502251203
1,0.39947539531461956,0.24864110243417753,0.351883502251203
1,0.07768544933954581,0.2622335033907408,0.6600810472697134
1,0.18892887443752288,0.3541638878350783,0.4569072377273989
1,0.1407930597069507,0.3382965666125737,0.5209103736804755
2,0.2493006899802461,0.29615421614343923,0.4545450938763147
1,0.1437159569069799,0.22876325962409805,0.6275207834689221
2,0.151455982987296,0.2867639259563452,0.5617800910563588
2,0.0994627867830314,0.4033805199085796,0.4971566933083889
1,0.06818429080793093,0.2820167065123424,0.6497990026797267
0,0.8977141080069032,0.07157225802185374,0.030713633971243
0,0.9290508040511093,0.05797308981468643,0.012976106134204302
0,0.907413754823711,0.072216367170798,0.02036987800549104
0,0.8744372214126436,0.09467349766574458,0.030889280921611927
0,0.907413754823711,0.072216367170798,0.02036987800549104
0,0.8393666661087301,0.1161347820789623,0.044498551812307524
0,0.9044277267092569,0.08218338557050407,0.013388887720239126
1,0.8328912712917669,0.12659754343716076,0.040511185271072316
0,0.8328912712917669,0.12659754343716076,0.040511185271072316
0,0.8368269668237996,0.1193453896638497,0.04382764351235072
0,0.8749131440959707,0.09818343280370709,0.026903423100322177
0,0.895846643651413,0.07981126118950718,0.024342095159079823
0,0.8861355226574446,0.08726902304692696,0.026595454295628443
1,0.895846643651413,0.07981126118950718,0.024342095159079823
0,0.8704146184956197,0.11105492818530413,0.018530453319076084
0,0.8309948908015514,0.12269668548588432,0.04630842371256425
0,0.876149284959385,0.09432283963549913,0.02952787540511591
0,0.4970012681660868,0.3104648217770557,0.19253391005685758
0,0.8694665240461048,0.09874609757657592,0.03178737837731936
0,0.8732513993389901,0.10058498493104827,0.02616361572996145
1,0.7956951596405366,0.14895273047679142,0.055352109882671946
0,0.8977760133313852,0.08854875091247684,0.013675235756137874
0,0.8790456060512967,0.08506845657586783,0.03588593737283568
0,0.7800039229499846,0.1674335043894521,0.05256257266056343
0,0.8150657550842384,0.13412020143736192,0.05081404347839965
1,0.7664883680465272,0.16796579733739705,0.06554583461607574
0,0.8258547472504428,0.13514062742507937,0.0390046253244777
1,0.7683331328171913,0.18844225179383967,0.04322461538896902
0,0.5448019325144808,0.34742480705972345,0.10777326042579576
0,0.5497502794161547,0.34855249733714055,0.10169722324670465
1,0.4801364184034417,0.37199517606911636,0.14786840552744185
0,0.6023065702769486,0.2417579465678628,0.15593548315518868
1,0.43246573151615236,0.3623520702179286,0.20518219826591896
2,0.4903455939470563,0.33019854445283736,0.1794558616001064
0,0.7154332904169591,0.18661993926718567,0.09794677031585515
0,0.7514722418732355,0.16711833273782864,0.08140942538893602
1,0.7154332904169591,0.18661993926718567,0.09794677031585515
0,0.6994967717988249,0.19569209449365452,0.1048111337075205
0,0.7154332904169591,0.18661993926718567,0.09794677031585515
0,0.6994967717988249,0.19569209449365452,0.1048111337075205
1,0.6994967717988249,0.19569209449365452,0.1048111337075205
0,0.6994967717988249,0.19569209449365452,0.1048111337075205
0,0.46482437050249786,0.41900586940098083,0.11616976009652129
1,0.7292462868050088,0.19757383961852631,0.07317987357646494
0,0.7292462868050088,0.19757383961852631,0.07317987357646494
1,0.7547414967245152,0.15753924105674752,0.08771926221873733
0,0.893125708100999,0.07663750329283121,0.030236788606169816
0,0.8051998454598189,0.13026973492016394,0.06453041962001704
0,0.8948205606504716,0.07420959890160655,0.030969840447921965
0,0.8662297636065487,0.07821660870451003,0.055553627688941266
0,0.8752385455361766,0.07701000411131452,0.04775145035250893
0,0.8752385455361766,0.07701000411131452,0.04775145035250893
0,0.9120120874367994,0.06649189749236993,0.021496015070830685
0,0.9120120874367994,0.06649189749236993,0.021496015070830685
0,0.9187153400265138,0.06190089637642867,0.019383763597057624
0,0.9639153083821992,0.02784383931713498,0.008240852300665789
0,0.9220014981831467,0.06001507039137037,0.017983431425482976
0,0.9220014981831467,0.06001507039137037,0.017983431425482976
0,0.9621144387012512,0.028646767459628894,0.009238793839119836
0,0.9120120874367994,0.06649189749236993,0.021496015070830685
0,0.8670308280325554,0.08097323794106638,0.0519959340263782
0,0.8149916936927708,0.11069417845154349,0.07431412785568585
0,0.9120120874367994,0.06649189749236993,0.021496015070830685
0,0.9629049902969377,0.028426732202946794,0.00866827750011566
0,0.8375766108656338,0.08356973870052489,0.07885365043384117
0,0.9567176644304533,0.03308495032538607,0.010197385244160579
1,0.7154332904169591,0.18661993926718567,0.09794677031585515
0,0.7191003728606353,0.17576794481022062,0.10513168232914405
1,0.5497121257123307,0.34186484781090376,0.10842302647676555
0,0.6479641876755856,0.25399483358708613,0.0980409787373283
1,0.11440417930796537,0.13797623173861173,0.747619588953423
2,0.6371564291617614,0.2495169229939565,0.1133266478442821
1,0.3635364996182866,0.2426729686256509,0.39379053175606255
2,0.2591732800449367,0.41624454729584404,0.3245821726592192
2,0.3730666986278872,0.26416975654076325,0.3627635448313496
2,0.5584914395516037,0.2638606481886775,0.17764791225971863
1,0.3889298098030749,0.23989851746704877,0.37117167272987633
2,0.5711199534879131,0.2638703712276567,0.16500967528443009
0,0.3209726993408675,0.41734293546560686,0.26168436519352567
1,0.39255205625086287,0.28063433733093834,0.3268136064181989
0,0.42260341279607133,0.3117084977144383,0.26568808948949035
1,0.3889298098030749,0.23989851746704877,0.37117167272987633
0,0.36281371088835257,0.2688965369494509,0.3682897521621965
0,0.3686563725918336,0.2903372621115964,0.34100636529657
0,0.5057946289052465,0.23162596396453694,0.26257940713021666
1,0.5547751319783171,0.2633001599334624,0.18192470808822056
2,0.31590740128952854,0.25460377621243474,0.42948882249803666
2,0.3582459160427208,0.2900541412569391,0.35169994270034005
1,0.35087608743683396,0.28488474079842824,0.36423917176473775
1,0.35201524455892974,0.4276662163386542,0.22031853910241597
0,0.3791179239318615,0.25930214046992617,0.3615799355982123
2,0.3691861571056349,0.4039989898047749,0.22681485308959023
0,0.4584311924511857,0.260424893254386,0.2811439142944283
1,0.6613082877588811,0.20514478239689912,0.13354692984421979
2,0.09552604673152659,0.2618748387385063,0.642599114529967
2,0.1859559244165442,0.36424536726421275,0.44979870831924296
2,0.06671558957680784,0.16293669018406698,0.7703477202391251
2,0.09248640984662632,0.2726257168454866,0.634887873307887
2,0.05761242760904639,0.2176513915438144,0.7247361808471392
2,0.03151924900813951,0.317523505052811,0.6509572459390495
1,0.07559650918608056,0.22164911473353524,0.7027543760803842
2,0.05030320420948957,0.16464343103472998,0.7850533647557805
2,0.03384146435703239,0.3360377211473302,0.6301208144956373
2,0.06755246227235051,0.20041518538597047,0.7320323523416791
2,0.05753844940013185,0.21874522148548675,0.7237163291143813
2,0.049750763291552744,0.17433266544238574,0.7759165712660615
1,0.06529233283368648,0.19554458688866724,0.7391630802776463
2,0.049750763291552744,0.17433266544238574,0.7759165712660615
2,0.07676195272248242,0.10670407378938968,0.816533973488128
2,0.1859559244165442,0.36424536726421275,0.44979870831924296
2,0.038324920237434223,0.10070686472510822,0.8609682150374575
2,0.2521007556658869,0.2347762901801335,0.5131229541539796
2,0.07606444193942666,0.1688612982654253,0.7550742597951481
2,0.08354409844192628,0.18311290011685466,0.7333430014412192
0,0.7390752228593351,0.2224235970396521,0.03850118010101266
0,0.8258547472504428,0.13514062742507937,0.0390046253244777
0,0.8439194683162835,0.12534836583422693,0.03073216584948943
1,0.8917621162849213,0.08497434099553636,0.023263542719542393
0,0.8625952722257582,0.12321420255231376,0.014190525221928143
0,0.8491523718567688,0.13674106005242737,0.014106568090803939
0,0.8908759370260186,0.08371578624227076,0.02540827673171062
0,0.9095338667987972,0.08091595563212811,0.009550177569074775
0,0.8375436188544041,0.13229731533001227,0.0301590658155837
0,0.8908759370260186,0.08371578624227076,0.02540827673171062
0,0.8942592760788203,0.0816084130546102,0.024132310866569483
0,0.9421795287705275,0.0444618115396837,0.013358659689788666
0,0.8881107822018004,0.10250636185576353,0.009382855942436012
0,0.8375436188544041,0.13229731533001227,0.0301590658155837
0,0.8737009079064956,0.11629259576938737,0.010006496324117146
0,0.8951047176171991,0.08074980530493572,0.02414547707786519
0,0.8908759370260186,0.08371578624227076,0.02540827673171062
0,0.9087015216788793,0.07961661336846532,0.011681864952655505
0,0.8976827371005495,0.0808445900595643,0.021472672839886155
0,0.9087015216788793,0.07961661336846532,0.011681864952655505
0,0.8035411104069282,0.1853196464938257,0.011139243099246188
0,0.9265810257988796,0.06263068611837656,0.01078828808274381
0,0.8748885167613848,0.09737900284503748,0.027732480393577678
0,0.9227526032272668,0.06601953709450731,0.011227859678225843
0,0.876759843693195,0.0927992790211959,0.030440877285609146
1,0.907413754823711,0.072216367170798,0.02036987800549104
0,0.938608706090843,0.049435654445329075,0.011955639463827909
0,0.9254312342683224,0.056090744605463365,0.01847802112621411
0,0.889871628418116,0.08390546612543245,0.026222905456451468
0,0.8473869211438502,0.1110384623113326,0.0415746165448173
0,0.8988991414003198,0.07436489329462705,0.026735965305053188
0,0.9191796527243622,0.05963808963910054,0.021182257636537114
0,0.9280510585215392,0.05745693393991831,0.014492007538542582
0,0.9210961052458648,0.058962283465151144,0.01994161128898396
0,0.9111047698132158,0.06651555402969452,0.02237967615708988
0,0.9254312342683224,0.056090744605463365,0.01847802112621411
0,0.9078316479101286,0.06944764058883265,0.02272071150103887
0,0.9064768232770843,0.0681182955308798,0.02540488119203589
0,0.959975435628518,0.029592612436552784,0.010431951934929287
0,0.9160446406489735,0.06234826119631011,0.02160709815471634
0,0.9251339304625108,0.0600312592369182,0.014834810300570963
0,0.9135677971113203,0.06524289116970267,0.02118931171897701
0,0.9680282503633841,0.02613001393488558,0.00584173570173026
0,0.9135677971113203,0.06524289116970267,0.02118931171897701
0,0.9078316479101286,0.06944764058883265,0.02272071150103887
0,0.9366958623936436,0.055798495815827236,0.00750564179052931
0,0.9429120764151142,0.044424341254773694,0.01266358233011205
0,0.9483772277665145,0.04430808710143378,0.00731468513205183
0,0.9424113930828265,0.04533109393462744,0.012257512982545881
0,0.951054612951481,0.042265599148751526,0.006679787899767486
0,0.951220263753617,0.04219864419626945,0.006581092050113665
0,0.9362688806878754,0.051905176987748824,0.011825942324375784
0,0.896451687919745,0.08108494944605717,0.022463362634197733
0,0.896451687919745,0.08108494944605717,0.022463362634197733
0,0.8872397468562012,0.08425406737491548,0.02850618576888327
1,0.9528908693333874,0.034789850087245965,0.012319280579366439
0,0.9654445426413989,0.029454383310403273,0.005101074048198003
0,0.9096763146834776,0.06849840229295685,0.021825283023565463
0,0.9590492727677691,0.03201139596834141,0.00893933126388952
0,0.918926774803329,0.06260196975988891,0.018471255436782134
0,0.9604076450080797,0.031537531942512666,0.008054823049407555
0,0.9229593840538929,0.058749151957867694,0.018291463988239377
0,0.9511544921514954,0.03896586263729293,0.009879645211211862
0,0.9511544921514954,0.03896586263729293,0.009879645211211862
0,0.9254312342683224,0.056090744605463365,0.01847802112621411
0,0.9546656262061449,0.03943944932908331,0.005894924464771884
0,0.9254312342683224,0.056090744605463365,0.01847802112621411
0,0.9232412719088899,0.05963884864081949,0.017119879450290542
0,0.9418295842911778,0.05109228668833035,0.00707812902049184
1,0.962051343158249,0.029914446714827958,0.008034210126922925
0,0.9128031524576673,0.0657318080999346,0.021465039442398103
0,0.9265565247778045,0.056459712643127866,0.016983762579067627
0,0.9594033961282912,0.03158007307535186,0.009016530796356984
0,0.9546656262061449,0.03943944932908331,0.005894924464771884
0,0.909902053861569,0.06582706906941102,0.024270877069019977
0,0.9546656262061449,0.03943944932908331,0.005894924464771884
0,0.9179892212049399,0.06197259120776928,0.02003818758729093
0,0.9232412719088899,0.05963884864081949,0.017119879450290542
0,0.9579039316224626,0.03630228446937679,0.005793783908160644
0,0.9357411520048865,0.051752526495603114,0.012506321499510418
0,0.938608706090843,0.049435654445329075,0.011955639463827909
0,0.9232412719088899,0.05963884864081949,0.017119879450290542
0,0.9162701681267762,0.06402553916686701,0.019704292706356742
0,0.9162701681267762,0.06402553916686701,0.019704292706356742
0,0.9232412719088899,0.05963884864081949,0.017119879450290542
0,0.9538880074764402,0.03568742323670779,0.010424569286852018
0,0.9515994433507493,0.03936385243856593,0.009036704210684659
0,0.9494981670843308,0.04179490101200858,0.008706931903660835
0,0.9686779556304487,0.026851945598799196,0.004470098770752145
0,0.9232412719088899,0.05963884864081949,0.017119879450290542
0,0.9635240813306677,0.028432576954576814,0.008043341714755478
0,0.9686779556304487,0.026851945598799196,0.004470098770752145
0,0.9357411520048865,0.051752526495603114,0.012506321499510418
0,0.9357411520048865,0.051752526495603114,0.012506321499510418
0,0.9232412719088899,0.05963884864081949,0.017119879450290542
0,0.9686779556304487,0.026851945598799196,0.004470098770752145
0,0.9232412719088899,0.05963884864081949,0.017119879450290542
0,0.9357411520048865,0.051752526495603114,0.012506321499510418
0,0.9254312342683224,0.056090744605463365,0.01847802112621411
0,0.9128031524576673,0.0657318080999346,0.021465039442398103
0,0.9585901361667454,0.03268938692819897,0.008720476905055605
0,0.9232412719088899,0.05963884864081949,0.017119879450290542
0,0.9217855435459973,0.0600539914909134,0.0181604649630894
0,0.9217855435459973,0.0600539914909134,0.0181604649630894
0,0.9414129978776677,0.04453085500800805,0.014056147114324243
0,0.9232412719088899,0.05963884864081949,0.017119879450290542
2,0.9232412719088899,0.05963884864081949,0.017119879450290542
0,0.9206801821513425,0.0581662529057833,0.0211535649428743
0,0.9127086212157496,0.06587785755686508,0.021413521227385306
0,0.937832587658349,0.049579132522803826,0.012588279818847175
0,0.938608706090843,0.049435654445329075,0.011955639463827909
0,0.9232412719088899,0.05963884864081949,0.017119879450290542
0,0.937832587658349,0.049579132522803826,0.012588279818847175
0,0.9397114761053809,0.04817492421773155,0.012113599676887635
0,0.9397114761053809,0.04817492421773155,0.012113599676887635
0,0.9211497210784529,0.05992351657376875,0.01892676234777825
1,0.9254312342683224,0.056090744605463365,0.01847802112621411
1,0.9403920253924758,0.04718732087303388,0.012420653734490235
0,0.9254312342683224,0.056090744605463365,0.01847802112621411
0,0.9181887717516658,0.06258875732226567,0.019222470926068533
0,0.9211497210784529,0.05992351657376875,0.01892676234777825
1,0.9254312342683224,0.056090744605463365,0.01847802112621411
0,0.9438653122133944,0.04455502422594356,0.011579663560662057
0,0.9254312342683224,0.056090744605463365,0.01847802112621411
0,0.9211497210784529,0.05992351657376875,0.01892676234777825
0,0.937832587658349,0.049579132522803826,0.012588279818847175
0,0.9403920253924758,0.04718732087303388,0.012420653734490235
0,0.9254312342683224,0.056090744605463365,0.01847802112621411
0,0.9438653122133944,0.04455502422594356,0.011579663560662057
0,0.9254312342683224,0.056090744605463365,0.01847802112621411
0,0.9397114761053809,0.04817492421773155,0.012113599676887635
0,0.9609502958685504,0.03360958726903078,0.005440116862418613
0,0.9254312342683224,0.056090744605463365,0.01847802112621411
0,0.9110813776084549,0.06613762479464097,0.02278099759690422
0,0.968177703002941,0.026901416459545642,0.004920880537513215
0,0.9379983323634542,0.04878009107496274,0.013221576561583012
0,0.8789864188709996,0.09156542819718913,0.029448152931811317
0,0.4213680019548833,0.27253265460740295,0.3060993434377137
1,0.815985584476687,0.14095141152374407,0.0430630039995688
2,0.43480870835803814,0.2610955877484836,0.30409570389347834
1,0.594176582737402,0.19991111689116517,0.20591230037143277
2,0.6244304275118044,0.20310969306404594,0.17245987942414953
2,0.5095093093040789,0.19579009329181318,0.294700597404108
0,0.5356846052448812,0.17830863721136045,0.28600675754375837
2,0.6638614627484665,0.19201851615019214,0.1441200211013413
0,0.507823717362092,0.18086560976803362,0.3113106728698744
0,0.27252533398419426,0.2716799401342615,0.45579472588154435
0,0.3497343098809378,0.3289485514795339,0.3213171386395284
1,0.2055311182654107,0.31437568418892164,0.48009319754566776
0,0.43389451126258355,0.30101479985395974,0.26509068888345666
2,0.5992787974653495,0.16513830392974693,0.23558289860490347
2,0.42221023620341663,0.2634198635334026,0.3143699002631807
0,0.8303202006881027,0.09740140505458242,0.07227839425731489
0,0.5172231405207709,0.2092145773487691,0.27356228213045997
0,0.6740380482977201,0.1706395646013895,0.15532238710089044
0,0.7966086738225948,0.07391679043902724,0.12947453573837786
1,0.6137931411945088,0.19102311961534932,0.1951837391901418
0,0.6696834320638954,0.17129877315663153,0.15901779477947317
0,0.551464056079598,0.235575132914765,0.2129608110056369
0,0.5728452668756538,0.19760858728709804,0.22954614583724806
0,0.6183610999746502,0.1386036699033299,0.24303523012201997
0,0.8210772228719383,0.08863823550127024,0.0902845416267914
0,0.8582451137998021,0.09612587760771643,0.04562900859248141
0,0.671183177653952,0.0913470697048543,0.23746975264119377
0,0.8828686575162672,0.09364698416155554,0.023484358322177264
0,0.8385860608870211,0.11637784520611241,0.045036093906866456
0,0.7979300530095362,0.13612544737260893,0.06594449961785495
0,0.8619978104257058,0.11159055561965171,0.02641163395464246
1,0.768136095985973,0.18884667182545165,0.04301723218857536
1,0.9160810849664809,0.0539902451736089,0.029928669859910096
0,0.8280763643598389,0.13449068604081535,0.03743294959934582
0,0.8280763643598389,0.13449068604081535,0.03743294959934582
0,0.7930738569408431,0.14264445254921643,0.06428169050994052
0,0.8462589964622685,0.10909674686323523,0.04464425667449625
0,0.8334463232301804,0.11594507300507285,0.050608603764746726
0,0.8506949307043512,0.09405324311253684,0.05525182618311211
0,0.8751772283077952,0.09296057534829907,0.03186219634390583
0,0.835668220473687,0.114130172442566,0.05020160708374693
0,0.8751772283077952,0.09296057534829907,0.03186219634390583
0,0.8852053460432194,0.0878993169336957,0.026895337023084952
0,0.8013030756828778,0.13689372682248727,0.06180319749463496
0,0.9170031056472753,0.05171540340058262,0.03128149095214226
2,0.8666253238047971,0.09109202286503572,0.04228265333016719
0,0.7660878867766059,0.1584264139084939,0.07548569931490019
0,0.8132482858598292,0.13307578554866714,0.053675928591503747
1,0.8132482858598292,0.13307578554866714,0.053675928591503747
2,0.8061162926565161,0.14989283360793615,0.04399087373554771
0,0.7899199859227497,0.15740338683909819,0.05267662723815198
0,0.8332482117942354,0.11730063564852038,0.04945115255724426
0,0.8761213813683888,0.09199478993487487,0.03188382869673625
0,0.8432635014783266,0.1232374257221568,0.0334990727995165
0,0.8432635014783266,0.1232374257221568,0.0334990727995165
0,0.8118064500225616,0.13372178752359587,0.054471762453842665
0,0.8118064500225616,0.13372178752359587,0.054471762453842665
0,0.8526284868214734,0.12510215439105454,0.022269358787472132
0,0.7514010733833157,0.19301604271422562,0.05558288390245857
0,0.43538984977570006,0.23697224867534417,0.3276379015489558
1,0.12104277834216681,0.143337295485547,0.7356199261722862
0,0.7605072126402372,0.12299704073662535,0.11649574662313736
0,0.64784406746506,0.21909365740384998,0.13306227513109006
0,0.9170031056472753,0.05171540340058262,0.03128149095214226
0,0.8045083274858862,0.13132202923245911,0.06416964328165468
2,0.46664933221114546,0.32626330333245407,0.20708736445640044
0,0.8011724037825185,0.1603412083437299,0.03848638787375155
1,0.7928292299711033,0.14304973399966295,0.0641210360292338
0,0.8544439616243246,0.115884123706814,0.0296719146688614
0,0.9254312342683224,0.056090744605463365,0.01847802112621411
0,0.902293393392863,0.07560348683598725,0.022103119771149805
0,0.23313783464025467,0.15782103077903115,0.6090411345807142
2,0.08031149618076365,0.24157929646785498,0.6781092073513814
0,0.8704459178407576,0.08989253260958832,0.03966154954965419
1,0.029567135455917375,0.26126988623374875,0.7091629783103339
1,0.9367279343258773,0.050929218988440945,0.012342846685681768
0,0.8494862458393628,0.10841587875602683,0.04209787540461031
1,0.3120094603345936,0.26390933685813306,0.4240812028072733
1,0.7874231609518597,0.12182978817618723,0.090747050871953
1,0.2741826289780843,0.2676238376834368,0.4581935333384788
0,0.8863681425504326,0.08694041749960542,0.026691439949962013
0,0.8178386824561651,0.13681198982001005,0.045349327723824974
0,0.885256690978974,0.08406934857867203,0.030673960442353893
1,0.03310418853254985,0.6130104152064221,0.3538853962610283
0,0.8992374022875826,0.07736455029676174,0.02339804741565569
0,0.6599457270624505,0.18131978650466965,0.15873448643287985
1,0.0609732052813919,0.5555257710581324,0.3835010236604757
0,0.8875962449043122,0.08889402603503478,0.023509729060652917
2,0.32261871955703453,0.2791903071606824,0.39819097328228303
0,0.8987293288785516,0.07984891751895135,0.021421753602497078
2,0.40132261108280415,0.26246550121604656,0.3362118877011494
0,0.9383702639512024,0.0490392703870075,0.01259046566179023
0,0.9315612756196041,0.05339918094582458,0.015039543434571341
2,0.06401911693326716,0.3291254182361633,0.6068554648305696
0,0.9068647415503556,0.0688678298476553,0.024267428601989032
0,0.9232412719088899,0.05963884864081949,0.017119879450290542
0,0.8840530711089621,0.08082011028062623,0.0351268186104114
0,0.07634211086645484,0.2885309046333455,0.6351269845001996
0,0.818432093512695,0.14125329321835528,0.040314613268949834
2,0.05189875435957099,0.21799934445029462,0.7301019011901344
2,0.2755458644903099,0.35601725497794123,0.36843688053174894
2,0.37086821106548634,0.23386318920510635,0.3952685997294073
1,0.8872804158875426,0.08932043945379058,0.02339914465866677
1,0.1550805662894288,0.36522235863260133,0.4796970750779699
1,0.9655205952214695,0.0246695426583933,0.009809862120137196
0,0.5175144777935703,0.23873643475567596,0.24374908745075383
0,0.8861355226574446,0.08726902304692696,0.026595454295628443
0,0.7171545628526688,0.13381534314604984,0.14903009400128134
1,0.8614043110755156,0.09882413123761011,0.039771557686874216
2,0.23568996923978888,0.3078683525314784,0.45644167822873283
2,0.06231966498295737,0.0805556941543636,0.857124640862679
0,0.6740223297937528,0.19234275524314107,0.13363491496310612
1,0.8860694368180592,0.08778258283030577,0.026147980351635066
0,0.8519375026746397,0.10526181919372939,0.04280067813163088
0,0.19782878929130548,0.14993553332148252,0.6522356773872121
0,0.1172701670778106,0.128437082807871,0.7542927501143184
0,0.37749180696837803,0.3353484734420351,0.28715971958958697
0,0.9096546898934392,0.06874801663316013,0.021597293473400676
0,0.7581945759597409,0.17033209908912367,0.07147332495113544
2,0.69417742418473,0.19626948077045164,0.10955309504481826
1,0.36020224198644396,0.35599943791954203,0.28379832009401407
0,0.9341203045117954,0.05049094306749614,0.015388752420708576
2,0.08759114090179775,0.22158967710815886,0.6908191819900433
1,0.933306834518283,0.0548789250546091,0.011814240427107797
0,0.632734613835745,0.24086682699273343,0.12639855917152154
0,0.9690761409750501,0.02632536365329536,0.00459849537165442
0,0.9002120678398385,0.08334184348152054,0.016446088678641002
0,0.3841880714399057,0.20225841299967626,0.4135535155604181
0,0.668149028900734,0.17157597661481266,0.16027499448445337
1,0.6011693164773536,0.25020887860579283,0.1486218049168535
0,0.8947230129184054,0.07292975347605318,0.03234723360554141
0,0.8865896201556194,0.0770339258955046,0.03637645394887592
1,0.3593600572242867,0.2494196634979721,0.39122027927774117
2,0.7058802868844504,0.17287832671236047,0.12124138640318913
1,0.06060678699158954,0.12646070226376127,0.8129325107446492
2,0.088336692754882,0.1510642007130212,0.7605991065320968
1,0.31590740128952854,0.25460377621243474,0.42948882249803666
0,0.10616346401549603,0.14421253226098343,0.7496240037235204
2,0.20292786820722666,0.2955216600183336,0.5015504717744397
0,0.9062396603052003,0.071143239206213,0.02261710048858682
0,0.8097212836610971,0.13158229304052863,0.058696423298374385
2,0.10569993668903696,0.27461480302119207,0.619685260289771
2,0.10724763205612786,0.3902218809181586,0.5025304870257135
1,0.7970394277719368,0.14737668709235333,0.055583885135709776
0,0.3280662668310769,0.27593366629605126,0.39600006687287176
0,0.8463140605849573,0.11719491894784388,0.03649102046719887
0,0.9135677971113203,0.06524289116970267,0.02118931171897701
2,0.058914202883232424,0.14574449409096163,0.7953413030258059
2,0.08349364698846726,0.15345351599570953,0.7630528370158232
0,0.9594569353726801,0.03231456084542823,0.008228503781891525
2,0.01571113618597941,0.1561601681352376,0.828128695678783
1,0.05520717161480151,0.11129677445259625,0.8334960539326023
0,0.8475679636822556,0.1061287798117945,0.04630325650594999
2,0.06756099769192865,0.19005092798512335,0.742388074322948
0,0.9203979312977698,0.06158120107788446,0.01802086762434573
0,0.6524624920902613,0.19524820172565885,0.15228930618407982
0,0.6895143136498519,0.2027948385952058,0.1076908477549422
0,0.9051592111618354,0.07338807353749308,0.02145271530067156
2,0.10273373658113621,0.11926403709599846,0.7780022263228654
2,0.06352353303276635,0.3149833659959755,0.6214931009712582
0,0.1507593167761027,0.1535539266324031,0.6956867565914941
0,0.3889298098030749,0.23989851746704877,0.37117167272987633
