target,prediction_-1,prediction_0,prediction_1
2,0.4265890926301106,0.355867855068485,0.21754305230140444
0,0.1699383393387135,0.2768067625617419,0.5532548980995445
1,0.19303823137232853,0.31631971339575926,0.49064205523191223
1,0.09157153686118286,0.5070900460938276,0.4013384170449896
2,0.2160738333161973,0.38316882667157803,0.4007573400122247
2,0.08604635634668893,0.3954588310751141,0.5184948125781971
1,0.06212895804909001,0.4870282613882075,0.4508427805627024
1,0.11472020099209182,0.4073770483585907,0.47790275064931764
2,0.11472020099209182,0.4073770483585907,0.47790275064931764
2,0.06212895804909001,0.4870282613882075,0.4508427805627024
2,0.10119685167464673,0.3988390558477904,0.4999640924775628
2,0.20270970753725298,0.24123811940353868,0.5560521730592083
0,0.8868631494221454,0.07790809167429205,0.035228758903562425
0,0.8387026838444924,0.09257590897457994,0.06872140718092777
0,0.865022969462576,0.08502107583528883,0.04995595470213534
0,0.9001966748347583,0.08709427119881714,0.012709053966424454
2,0.14234211251063866,0.2743851516579018,0.5832727358314594
1,0.1283045502034456,0.25554103793207905,0.6161544118644754
0,0.12949091461382642,0.20179158753593068,0.6687174978502429
1,0.13893458360345368,0.20616768344684583,0.6548977329497006
2,0.11714040473302001,0.1298570384565863,0.7530025568103935
2,0.16249926515438587,0.19510090253311715,0.642399832312497
2,0.10758487915071294,0.17705954100799245,0.7153555798412946
2,0.14514229298121273,0.09286548569652686,0.7619922213222605
1,0.1338436770116508,0.1970464379647517,0.6691098850235975
2,0.1651108784062815,0.19334937341318478,0.6415397481805336
2,0.10545922694773567,0.17824074249153765,0.7163000305607267
2,0.16166125414567117,0.18115812018097732,0.6571806256733514
2,0.10783202262067253,0.18606176252932147,0.706106214850006
0,0.097620064584323,0.16810638801770877,0.7342735473979682
2,0.17671561288015475,0.2055041801222562,0.6177802069975891
2,0.16572796455899547,0.146683322805073,0.6875887126359316
2,0.23603426696256444,0.28393268808620453,0.48003304495123106
1,0.13134951978680218,0.17326620569066237,0.6953842745225354
1,0.1708417622902715,0.21262166416170308,0.6165365735480254
1,0.18201478105101754,0.1472254670673379,0.6707597518816445
0,0.1739748324920407,0.21934131725388187,0.6066838502540773
0,0.18500596249279053,0.13319538452989815,0.6817986529773112
2,0.26488369554043606,0.24672472471999662,0.4883915797395673
2,0.21151627918680432,0.2031588209103923,0.5853248999028033
2,0.22903698507891607,0.21334984347672062,0.5576131714443633
2,0.23386976250539243,0.2190795840475696,0.547050653447038
2,0.06631993707294125,0.1613303017302928,0.772349761196766
2,0.13329041452546558,0.19541132604411643,0.6712982594304179
1,0.18152709827942176,0.20358651253498536,0.6148863891855928
2,0.1739748324920407,0.21934131725388187,0.6066838502540773
0,0.9051574315068746,0.06948766898595689,0.025354899507168616
0,0.8321793210570816,0.11333960708278362,0.054481071860134726
0,0.8693619665584983,0.109975088524799,0.02066294491670285
0,0.9008309826192079,0.07079828519511819,0.02837073218567394
0,0.872806485369396,0.09518640793169499,0.03200710669890894
0,0.8625606924789245,0.08692447812417785,0.0505148293968976
0,0.8630977521542184,0.08897464020744963,0.04792760763833211
0,0.8958041735644819,0.06739370167333479,0.03680212476218324
0,0.9189882822859192,0.06056963268192079,0.020442085032159902
0,0.8656317520880901,0.09701584335589365,0.037352404556016267
0,0.8656401630040461,0.0968802955400436,0.037479541455910224
0,0.8592163267274535,0.09970412023312572,0.041079553039420603
2,0.17751340837229387,0.21445976172582318,0.608026829901883
2,0.1080095785602395,0.12769234329538698,0.7642980781443736
2,0.041719693274419344,0.21919948912330173,0.739080817602279
1,0.1779057723084449,0.18890483223903276,0.6331893954525224
2,0.18676794587011533,0.19177474850206785,0.6214573056278168
2,0.18676794587011533,0.19177474850206785,0.6214573056278168
2,0.04672908568411835,0.147411134259621,0.8058597800562607
2,0.13421193150383884,0.1710854633688065,0.6947026051273547
0,0.8532805644778116,0.09387018827327222,0.05284924724891616
0,0.877192985082786,0.08431087749236567,0.038496137424848476
0,0.8532805644778116,0.09387018827327222,0.05284924724891616
0,0.903838733141618,0.07535972733003173,0.020801539528350274
0,0.8780881849990602,0.07757661760886556,0.044335197392074255
0,0.8443736313867313,0.1120478876324947,0.043578480980774006
0,0.903329114884685,0.07489260482325112,0.02177828029206395
0,0.8103132266334471,0.12689404082193395,0.06279273254461899
1,0.8819817123989934,0.08142595782597388,0.0365923297750328
0,0.8197416733444177,0.10831677581267429,0.07194155084290801
0,0.8508970860870059,0.12325109496213743,0.025851818950856836
0,0.7908170951341932,0.15712044989193089,0.05206245497387597
1,0.8232340880679389,0.10862490106784556,0.06814101086421544
0,0.7545030937945539,0.1887319367652279,0.056764969440218256
0,0.8605852266438254,0.11285599380470833,0.026558779551466273
0,0.7545030937945539,0.1887319367652279,0.056764969440218256
0,0.8673438945299631,0.10645753492572242,0.026198570544314567
0,0.7491280009195568,0.1624113968462779,0.08846060223416535
0,0.7069126577835017,0.18218202877765607,0.11090531343884215
2,0.698514494416785,0.1984130005833599,0.10307250499985496
1,0.7491280009195568,0.1624113968462779,0.08846060223416535
0,0.8782753294141754,0.0875545397533355,0.03417013083248913
0,0.8683254584373741,0.09530505635960668,0.03636948520301912
0,0.9198125215315405,0.057410158321200826,0.022777320147258782
0,0.8479699659014303,0.12118097025222631,0.03084906384634337
0,0.8526078716844283,0.11758074663204723,0.029811381683524558
1,0.8811412511015978,0.10636625213662816,0.012492496761774002
0,0.8814383173140001,0.10796769039850103,0.010593992287498893
0,0.8517856518365947,0.10083726229202819,0.04737708587137718
0,0.8791345274925451,0.08573747658847196,0.03512799591898299
0,0.8320995755783769,0.12018092196188977,0.047719502459733394
1,0.8472155049727291,0.12350081673161689,0.029283678295654116
0,0.8472155049727291,0.12350081673161689,0.029283678295654116
0,0.8368002623135918,0.12379067130346866,0.03940906638293954
0,0.8044685166141075,0.12506516930889802,0.07046631407699458
0,0.8360399566054657,0.13248122700786866,0.03147881638666554
0,0.857157884350072,0.12726009946735534,0.015582016182572662
0,0.843103127209853,0.11896118906568855,0.03793568372445838
0,0.7653614898371259,0.21933646420490707,0.01530204595796702
0,0.8340343486868599,0.10217237411551193,0.0637932771976282
0,0.8396071144608309,0.0944668259668061,0.06592605957236303
0,0.9027838100319359,0.06679399993728503,0.030422190030779173
0,0.8592782096050723,0.09879009773468997,0.04193169266023773
0,0.8762415294939659,0.08984816070781021,0.03391030979822383
0,0.8735803808974691,0.08834610948500402,0.03807350961752682
2,0.0957777102246107,0.1399790467580788,0.7642432430173105
2,0.05414290905153649,0.10642352135514227,0.8394335695933212
2,0.09761353436227616,0.1395022819971078,0.762884183640616
2,0.029057241161842662,0.08560882441099335,0.8853339344271639
2,0.08662191456924134,0.1767054152651239,0.7366726701656348
2,0.10912161525456134,0.13733709789731444,0.7535412868481242
2,0.023928120260668723,0.11705478376427624,0.8590170959750549
2,0.07061994385325257,0.12713097238842505,0.8022490837583224
2,0.046909245664995255,0.14515276029364615,0.8079379940413586
2,0.08226915304801401,0.1542845749268294,0.7634462720251566
2,0.023914962062140166,0.11584974562333197,0.860235292314528
2,0.08226915304801401,0.1542845749268294,0.7634462720251566
2,0.1039709564501152,0.1360053123203095,0.7600237312295752
2,0.024658052765097964,0.08354221177415662,0.8917997354607454
2,0.09323067138214182,0.14731093913372487,0.7594583894841334
2,0.09680145180490425,0.1450994057638713,0.7580991424312246
2,0.09413624577662573,0.16487502255727457,0.7409887316660997
2,0.08831868883334142,0.125560527307467,0.7861207838591916
2,0.10515004655434453,0.1470234478013041,0.7478265056443513
2,0.08354961728327191,0.12021905004115506,0.796231332675573
2,0.10147600524496235,0.15293988222660196,0.7455841125284357
2,0.08282593182496474,0.11301041482792716,0.8041636533471082
2,0.11002108877906629,0.17430550934520384,0.7156734018757299
2,0.10147600524496235,0.15293988222660196,0.7455841125284357
2,0.05556718885889633,0.11777450393472404,0.8266583072063796
2,0.07699593301050084,0.13522231405506763,0.7877817529344316
2,0.0973638202808755,0.14362725576512503,0.7590089239539994
1,0.0962404725206621,0.14102057887108516,0.7627389486082528
2,0.10204983781047308,0.1995347197189152,0.6984154424706118
2,0.10307568509107617,0.18255115816695097,0.7143731567419729
0,0.1037847847345722,0.14116399868532004,0.7550512165801078
2,0.11789993685380847,0.1525411933237778,0.7295588698224138
0,0.04493832740184926,0.17931194302031442,0.7757497295778364
2,0.0973638202808755,0.14362725576512503,0.7590089239539994
2,0.14410759107452592,0.16702306274010603,0.688869346185368
2,0.048846119553930964,0.15926749381713887,0.7918863866289302
1,0.12549966548337935,0.1605707650629483,0.7139295694536724
0,0.03240317174111179,0.14881870835587413,0.8187781199030141
2,0.09495724730397777,0.17450360828481543,0.7305391444112067
1,0.10209748596928853,0.2033786209698315,0.69452389306088
2,0.09019181175604325,0.15982558231528143,0.7499826059286753
2,0.057232445004287674,0.11011748289938449,0.8326500720963278
2,0.034922263753451706,0.17027622568896048,0.7948015105575877
2,0.03591099548144926,0.15361793275040128,0.8104710717681495
2,0.06059587364050008,0.14129609935179419,0.7981080270077057
2,0.01745591606432625,0.06372824421368274,0.9188158397219909
1,0.07966867408147237,0.22236504806782037,0.6979662778507073
1,0.08695909211678333,0.16540083954677126,0.7476400683364455
2,0.01863343627431732,0.1512779743215027,0.83008858940418
2,0.07966867408147237,0.22236504806782037,0.6979662778507073
2,0.07966867408147237,0.22236504806782037,0.6979662778507073
2,0.03711859478453991,0.11911701285552098,0.8437643923599392
2,0.0729147266479061,0.15054159369586942,0.7765436796562245
2,0.013154554117778074,0.06601828136253109,0.9208271645196908
2,0.07221225397736307,0.201796267367307,0.72599147865533
1,0.07092726096376581,0.14423296384594594,0.7848397751902882
2,0.016422949399333406,0.05919367164587596,0.9243833789547906
2,0.04436603701360982,0.16683339219455123,0.7888005707918389
2,0.07221225397736307,0.201796267367307,0.72599147865533
2,0.02178974504021145,0.08760640690044479,0.8906038480593437
1,0.028453135399686927,0.5005705314946522,0.4709763331056607
2,0.05862469518436224,0.40675711888937893,0.5346181859262589
1,0.05833376183067196,0.38192167586899406,0.559744562300334
1,0.08440543568568709,0.388311148291577,0.5272834160227359
2,0.02840675228246251,0.49871645749621124,0.4728767902213264
2,0.02840675228246251,0.49871645749621124,0.4728767902213264
0,0.8763270110470894,0.09486569244100526,0.028807296511905233
0,0.8092240129805687,0.12116420516945657,0.06961178184997484
2,0.20215865347900214,0.3745376703309254,0.42330367619007253
2,0.23454529895730228,0.2122874276116174,0.5531672734310804
1,0.2028687929202273,0.10831384047579415,0.6888173666039785
2,0.15162513686832912,0.1939609786385782,0.6544138844930927
1,0.19903964463368828,0.33606936622992356,0.46489098913638816
0,0.1714627129883987,0.22226359467341647,0.6062736923381848
2,0.3975320718757953,0.17405742100975613,0.42841050711444867
0,0.19158477622855766,0.1781857979444276,0.6302294258270147
1,0.6837372412295185,0.14608635941227024,0.1701763993582112
0,0.7880228962075924,0.1400682859081388,0.07190881788426884
0,0.5809765281464598,0.34687966726163955,0.07214380459190062
1,0.6733231002314959,0.15128138751163128,0.17539551225687283
0,0.7069750818475289,0.14325411872184887,0.14977079943062202
0,0.5781686562135611,0.2260415882236147,0.19578975556282416
0,0.6594616596319351,0.15549053637353177,0.1850478039945331
0,0.6456162975327784,0.1704470143312392,0.18393668813598232
2,0.0960810754775783,0.16908093049062994,0.7348379940317918
2,0.1999962328132529,0.1804473049312762,0.6195564622554709
2,0.23109001684100572,0.2047167727248634,0.564193210434131
2,0.25677205146321225,0.1307004467307373,0.6125275018060505
2,0.1437817330138362,0.14723655633148283,0.7089817106546809
2,0.0693583496266073,0.19951114578101867,0.731130504592374
0,0.3311937500639116,0.144787273410165,0.5240189765259233
2,0.4716725079680396,0.17741098758103074,0.35091650445092964
0,0.4716725079680396,0.17741098758103074,0.35091650445092964
0,0.3457688808562519,0.14145437672688158,0.5127767424168664
2,0.4452437880026991,0.18542600002515594,0.369330211972145
0,0.4452437880026991,0.18542600002515594,0.369330211972145
2,0.14443224707260396,0.17586935104013013,0.6796984018872658
2,0.19555065363649654,0.1962378896795468,0.6082114566839567
0,0.18365825398638494,0.32453212919758423,0.4918096168160308
2,0.39569684613436684,0.1797789101822716,0.4245242436833615
1,0.6127463258063331,0.1130054750788704,0.2742481991147964
2,0.6942067673920967,0.16176922772365648,0.14402400488424685
1,0.19244557812433055,0.10044021770010302,0.7071142041755664
2,0.19118215387645573,0.1090923981740444,0.6997254479494999
2,0.04444838718119439,0.10599349997738175,0.8495581128414239
1,0.1527526651697666,0.15770852033091873,0.6895388144993146
2,0.142333378787745,0.20130920635881788,0.6563574148534371
2,0.20929060482634143,0.20648979876209456,0.5842195964115641
0,0.19416351316209768,0.09363844917264545,0.7121980376652569
1,0.20247162369456326,0.2523226157023508,0.5452057606030859
2,0.21398434121299398,0.1817185752923499,0.6042970834946562
2,0.2562495167808231,0.22245717122001357,0.5212933119991634
0,0.38949449014946497,0.22480780290551297,0.3856977069450221
1,0.4557419946286016,0.28978030641635416,0.25447769895504435
2,0.5940630598890222,0.23169614838466626,0.17424079172631163
0,0.2775237469262911,0.4667362140944424,0.2557400389792666
1,0.19844718292632174,0.12979100180877431,0.671761815264904
2,0.292630695875344,0.2573833457983583,0.4499859583262977
2,0.42662187036791777,0.21679506098553306,0.3565830686465491
0,0.34579546008661277,0.2700327073579228,0.38417183255546444
2,0.17557983957547527,0.33780478930145996,0.4866153711230647
0,0.22360650452151518,0.3717209545155425,0.4046725409629424
1,0.4760858346445517,0.2253204515210972,0.2985937138343512
1,0.5150543635705612,0.2335396750264583,0.2514059614029804
1,0.06289418645394515,0.2724266731098334,0.6646791404362216
1,0.14423821843732781,0.3791440324197008,0.47661774914297145
1,0.09536795834988375,0.608782503837353,0.29584953781276324
2,0.33419941745743914,0.28718476975405105,0.37861581278850975
1,0.09846060453549516,0.3479637534804711,0.5535756419840338
2,0.1669353444402405,0.2642380552575437,0.5688266003022159
2,0.043982247623180815,0.6849163406201897,0.2711014117566296
1,0.13428961135201,0.21223814577604921,0.6534722428719407
0,0.899973057460247,0.06371383656959961,0.036313105970153185
0,0.8769413918171747,0.09957335740015741,0.023485250782667857
0,0.9458208349264204,0.044782536036797965,0.00939662903678144
0,0.895197563035979,0.07180704674207727,0.032995390221943664
0,0.9509007525421844,0.040326011681179094,0.008773235776636669
0,0.848643891448326,0.09713684522196604,0.05421926332970794
0,0.8501258961687437,0.12661196803685237,0.02326213579440384
1,0.8621752957269788,0.09203602738650449,0.04578867688651666
0,0.8346544994889875,0.099863735399748,0.06548176511126458
0,0.8621752957269788,0.09203602738650449,0.04578867688651666
0,0.9074408875176733,0.06598326365435762,0.026575848827969113
0,0.8766371916762321,0.0877879037125295,0.0355749046112384
0,0.8928947836261153,0.09625522727092524,0.010849989102959498
1,0.8815132976530516,0.08324006343682272,0.03524663891012554
0,0.8433256040999502,0.13159429084668314,0.02508010505336671
0,0.8673909655602897,0.08936207516495256,0.04324695927475768
0,0.9349622102583026,0.05289879719709473,0.012138992544602769
0,0.8619031870528784,0.09487223600034013,0.04322457694678144
0,0.9395582165771892,0.049527740843448576,0.010914042579362177
0,0.905926892458669,0.06415551916755387,0.02991758837377717
1,0.8369871233902462,0.1116673276360294,0.05134554897372432
0,0.8080450944912398,0.16695805916456316,0.024996846344196976
0,0.9187430616729771,0.05773491080831346,0.023522027518709406
0,0.7551065612413753,0.15351774907782842,0.09137568968079635
0,0.7809043297064484,0.18600196763571442,0.03309370265783728
1,0.7077913294579169,0.17101370601731739,0.12119496452476572
0,0.7375904506271095,0.182746402418342,0.07966314695454847
1,0.8351062662341923,0.10213395721540487,0.0627597765504027
0,0.7167791471497107,0.15632872802035544,0.12689212482993384
0,0.6857749881126111,0.18199793467408235,0.1322270772133067
1,0.5293538167380685,0.34586106275587536,0.12478512050605617
0,0.2815284092705939,0.21353137906029634,0.5049402116691097
1,0.23522907173349128,0.19066833426019164,0.5741025940063171
2,0.515673102926056,0.3213582853212485,0.16296861175269559
0,0.7177474076861226,0.23743547141469434,0.04481712089918299
0,0.6751861660271229,0.2213889545370705,0.10342487943580653
1,0.723129817948401,0.2338046626381906,0.04306551941340847
0,0.7445201082600462,0.20120294755754148,0.054276944182412266
0,0.7193748149165035,0.23629322118389437,0.04433196389960227
0,0.6724946397376601,0.27776159883781326,0.049743761424526675
1,0.6663853698107972,0.280342876975197,0.05327175321400583
0,0.659989446992816,0.2849509987210577,0.05505955428612634
0,0.5101930561324707,0.33829619728273347,0.15151074658479588
1,0.6699853021662351,0.21357239500461206,0.11644230282915292
0,0.6699853021662351,0.21357239500461206,0.11644230282915292
1,0.7054966149824935,0.19217211142753055,0.10233127358997578
0,0.8690099423947252,0.09357690610072074,0.037413151504554105
0,0.8306309683711024,0.11932664971437269,0.05004238191452478
0,0.878849473167967,0.08445097928026907,0.03669954755176377
0,0.9539547280794782,0.040151506341226856,0.005893765579294836
0,0.972160215820157,0.024069888631297796,0.003769895548545181
0,0.972160215820157,0.024069888631297796,0.003769895548545181
0,0.8994616499512649,0.07091242516039052,0.02962592488834451
0,0.9005327776530294,0.07083320476133721,0.028634017585633227
0,0.9461113277515618,0.034193061817366095,0.019695610431072114
0,0.9257860397237015,0.05600103998670378,0.018212920289594748
0,0.9470232303366272,0.03549246407104404,0.017484305592328754
0,0.9470232303366272,0.03549246407104404,0.017484305592328754
0,0.9315438692594936,0.052260183010126866,0.016195947730379513
0,0.9005327776530294,0.07083320476133721,0.028634017585633227
0,0.9641339951914552,0.030599863215281412,0.0052661415932634716
0,0.9573959238718086,0.03678715201608236,0.005816924112108967
0,0.9002809373915132,0.06920114706909959,0.030517915539387378
0,0.9188947483959509,0.06266069780299952,0.018444553801049608
0,0.9366335641883968,0.05084893400597915,0.012517501805623943
0,0.8871948772382151,0.08457212302688963,0.028232999734895122
1,0.6323502690892039,0.3089941483039795,0.0586555826068166
0,0.7298953951362782,0.2158440431272445,0.05426056173647738
1,0.6396809281111158,0.15148589879188798,0.2088331730969963
0,0.7064367617140607,0.20881732245261594,0.08474591583332335
1,0.0903465121102629,0.33159008494670794,0.578063402943029
2,0.5317720957252673,0.2742012294624168,0.19402667481231592
1,0.25771602860884846,0.22935053783222664,0.512933433558925
2,0.21157992669240153,0.279480228688314,0.5089398446192844
2,0.2895811522025474,0.24237624177799522,0.46804260601945746
2,0.4194717037210602,0.29693260244176645,0.28359569383717337
1,0.46298399059102074,0.32849229882654346,0.2085237105824358
2,0.4194717037210602,0.29693260244176645,0.28359569383717337
0,0.24405066505118034,0.3502018977397727,0.40574743720904694
1,0.3274247100601093,0.2755551258487481,0.39702016409114266
0,0.3232087989474454,0.2659607830201875,0.41083041803236714
1,0.483085762770657,0.3217406693367876,0.19517356789255544
0,0.5228782930439841,0.3271150880348521,0.15000661892116382
0,0.3183256697885379,0.3263495628780688,0.3553247673333933
0,0.36329833590612715,0.31048878725093865,0.32621287684293426
1,0.4051997102709269,0.3358889101436917,0.25891137958538135
2,0.41718873362306635,0.3935780746271835,0.18923319174975006
2,0.3149328468008085,0.3251766524137668,0.3598905007854246
1,0.2912149268456104,0.3364833589776588,0.37230171417673075
1,0.1910089079731824,0.3594582731164669,0.44953281891035085
0,0.29708349322713773,0.28994719752133624,0.41296930925152603
2,0.27923168069395105,0.32231483409622436,0.39845348520982465
0,0.5841914186729213,0.305170304786148,0.1106382765409307
1,0.6233093163993022,0.21850931864463877,0.15818136495605903
2,0.10722914055044022,0.1440662482924889,0.748704611157071
2,0.28077730147285734,0.26524488161359594,0.4539778169135467
2,0.014287862616121368,0.20299341576483,0.7827187216190488
2,0.20552223265981823,0.24906587125500218,0.5454118960851796
2,0.04325086881383933,0.1224440592075179,0.8343050719786428
2,0.01476946012000962,0.1785481573223432,0.8066823825576472
1,0.1427450063320234,0.22005180492984158,0.6372031887381351
2,0.015769891519427686,0.30963444769937726,0.674595660781195
2,0.013730228951771152,0.19924255765542048,0.7870272133928083
2,0.11636924933815887,0.20203414858177704,0.6815966020800641
2,0.041349423716431355,0.12335590207945055,0.8352946742041182
2,0.013537637803578775,0.25889196993262403,0.7275703922637973
1,0.04268939190598159,0.11452651319414067,0.8427840948998778
2,0.02344520423672832,0.3273005407789022,0.6492542549843695
2,0.04460849158692925,0.126628779714443,0.8287627286986277
2,0.22744501695358232,0.24781031804531486,0.5247446650011028
2,0.08514773070216076,0.14264272090702307,0.7722095483908162
2,0.1511052805760744,0.22051968735919036,0.6283750320647353
2,0.04255282760208771,0.09302557072506709,0.8644216016728452
2,0.04255282760208771,0.09302557072506709,0.8644216016728452
0,0.7856328016591664,0.1773976011372689,0.036969597203564686
0,0.8447898025883076,0.11451997788272639,0.0406902195289661
0,0.843753267774974,0.11813167507392489,0.03811505715110109
1,0.9449619607497391,0.04449408513737534,0.010543954112885397
0,0.8246857178029807,0.1412220789079976,0.03409220328902176
0,0.8100828566131493,0.1577760204751002,0.032141122911750544
0,0.8596975081224748,0.09819376087924109,0.04210873099828414
0,0.8872307098091453,0.08938238842889815,0.023386901761956586
0,0.8482547001479859,0.11176119627665904,0.03998410357535528
0,0.8596975081224748,0.09819376087924109,0.04210873099828414
0,0.9565981370333041,0.034202989614445845,0.009198873352250043
0,0.9218075231042965,0.05481362245365921,0.023378854442044194
0,0.8856491593526887,0.09033169001061483,0.02401915063669653
0,0.8482547001479859,0.11176119627665904,0.03998410357535528
0,0.905745072604845,0.07275038779696716,0.021504539598187784
0,0.9594754267286284,0.030834436460615355,0.009690136810756233
0,0.7813420677863353,0.145348572518469,0.07330935969519574
0,0.8117053086103002,0.14934585260307748,0.03894883878662232
0,0.957691349483126,0.03168970596564429,0.010618944551229616
0,0.8099653993236249,0.15165759798925058,0.03837700268712451
0,0.8073530977871074,0.15704318153848754,0.035603720674405065
0,0.9065700863555941,0.0714432581856277,0.02198665545877823
0,0.7365441834997636,0.17087999014602653,0.09257582635420997
0,0.8700975333748096,0.10546724292606997,0.024435223699120524
0,0.8767399799358585,0.08616321068578521,0.03709680937835635
1,0.9207727367237895,0.06811860494228356,0.01110865833392711
0,0.9632015652272362,0.03276501628215964,0.004033418490604055
0,0.9168500278405648,0.055824642380252545,0.027325329779182644
0,0.9152446108134381,0.06404608897683604,0.02070930020972579
0,0.9163886206483096,0.06258217897123135,0.021029200380459148
0,0.9140201086394063,0.06408862050204141,0.021891270858552348
0,0.9140201086394063,0.06408862050204141,0.021891270858552348
0,0.9448962807622916,0.050700690996488516,0.004403028241219973
0,0.8886833207989238,0.07027301311830372,0.04104366608277248
0,0.9140201086394063,0.06408862050204141,0.021891270858552348
0,0.9297764052968982,0.047795216573330496,0.02242837812977118
0,0.9097128502423769,0.06898751469736163,0.021299635060261553
0,0.9093210972355648,0.06984519835329867,0.020833704411136498
0,0.950894589853823,0.03354049001623254,0.015564920129944437
0,0.9082084393434198,0.06915449562444632,0.02263706503213388
0,0.9733931665273321,0.022991830533492515,0.0036150029391754253
0,0.9130226942952963,0.0593902055591448,0.027587100145558985
0,0.930968221621399,0.058295669543166125,0.010736108835434698
0,0.9143077651412492,0.058210792762296286,0.02748144209645442
0,0.9097128502423769,0.06898751469736163,0.021299635060261553
0,0.9307061494234998,0.05803353179970272,0.011260318776797423
0,0.9104270700869359,0.06768581059923744,0.02188711931382659
0,0.9181215098315367,0.06599319368488099,0.015885296483582372
0,0.9076280216014572,0.074597862439581,0.017774115958961913
0,0.9159800220586802,0.06747297171735596,0.016547006223963736
0,0.9187612058003604,0.0654482420093121,0.015790552190327635
0,0.9534841302175711,0.04075348102856083,0.005762388753867997
0,0.8673709731505372,0.1069593696812394,0.025669657168223396
0,0.8802078154716045,0.09520331970670888,0.02458886482168657
0,0.8921431498793894,0.07600749577790142,0.03184935434270929
1,0.9357942835661288,0.046493785879614044,0.017711930554257106
0,0.943054760330439,0.04694417436881613,0.010001065300744814
0,0.9142264593285576,0.06497362253334456,0.020799918138097815
0,0.9606966974987853,0.0289453010987503,0.010358001402464475
0,0.9142264593285576,0.06497362253334456,0.020799918138097815
0,0.9613191720621963,0.03051448527639727,0.008166342661406447
0,0.9142264593285576,0.06497362253334456,0.020799918138097815
0,0.95389300782001,0.035671063772023386,0.010435928407966602
0,0.95389300782001,0.035671063772023386,0.010435928407966602
0,0.9329591062188264,0.0469810483711185,0.020059845410055083
0,0.9445421608775221,0.045841849693708345,0.009615989428769647
0,0.9276780510565699,0.04977864925389268,0.0225432996895375
0,0.9329591062188264,0.0469810483711185,0.020059845410055083
0,0.9166065325996724,0.06927965614386733,0.014113811256460336
1,0.9615525333487517,0.028363699051598214,0.010083767599650047
0,0.906961726014041,0.06947772233261179,0.023560551653347233
0,0.906961726014041,0.06947772233261179,0.023560551653347233
0,0.9667737674091637,0.020614802889488713,0.012611429701347541
0,0.9438160867352693,0.04646262303172284,0.009721290233007834
0,0.9073352826376317,0.06635344081448484,0.026311276547883542
0,0.9492147873687752,0.041026468790412156,0.009758743840812687
0,0.9077131217345794,0.06728254095283889,0.025004337312581726
0,0.9239602638772569,0.05111347763747579,0.024926258485267368
0,0.9445421608775221,0.045841849693708345,0.009615989428769647
0,0.9799555911431099,0.01806631381350214,0.0019780950433879855
0,0.9796732114607356,0.018354031850425067,0.0019727566888393037
0,0.9276780510565699,0.04977864925389268,0.0225432996895375
0,0.906961726014041,0.06947772233261179,0.023560551653347233
0,0.906961726014041,0.06947772233261179,0.023560551653347233
0,0.9204160004431976,0.054942947701355174,0.024641051855447266
0,0.9681309707461745,0.021648661957475376,0.010220367296350289
0,0.9319975729951551,0.05591236034368423,0.012090066661160841
0,0.9277071634825585,0.058225423006287046,0.014067413511154361
0,0.9438160867352693,0.04646262303172284,0.009721290233007834
0,0.9339889404230345,0.04603410237736667,0.01997695719959904
0,0.961495187447094,0.02677211035225134,0.011732702200654786
0,0.9438160867352693,0.04646262303172284,0.009721290233007834
0,0.9795927593512783,0.018082011922304984,0.00232522872641664
0,0.9795927593512783,0.018082011922304984,0.00232522872641664
0,0.9339889404230345,0.04603410237736667,0.01997695719959904
0,0.9438160867352693,0.04646262303172284,0.009721290233007834
0,0.9339889404230345,0.04603410237736667,0.01997695719959904
0,0.9784776536532821,0.019090850401019877,0.002431495945698039
0,0.9329591062188264,0.0469810483711185,0.020059845410055083
0,0.906961726014041,0.06947772233261179,0.023560551653347233
0,0.9573539474718925,0.029537208985997918,0.013108843542109583
0,0.9329591062188264,0.0469810483711185,0.020059845410055083
0,0.9105405054011313,0.06610352995589698,0.023355964642971738
0,0.906961726014041,0.06947772233261179,0.023560551653347233
0,0.9545760577572748,0.03140918792004417,0.014014754322680897
0,0.933395891934447,0.0469765127629349,0.019627595302617897
2,0.933395891934447,0.0469765127629349,0.019627595302617897
0,0.9082148697802417,0.0673446197882415,0.0244405104315169
0,0.9049005545692874,0.07039558135441634,0.024703864076296413
0,0.9637760746946913,0.03177702906747601,0.004446896237832834
0,0.9683756444983087,0.028779246790637272,0.002845108711054044
0,0.9329591062188264,0.0469810483711185,0.020059845410055083
0,0.9666737542173715,0.030113452209125376,0.0032127935735032542
0,0.951594208627391,0.03712894534843929,0.011276846024169637
0,0.951594208627391,0.03712894534843929,0.011276846024169637
0,0.9142264593285576,0.06497362253334456,0.020799918138097815
1,0.9329591062188264,0.0469810483711185,0.020059845410055083
1,0.9476948717654389,0.03962698845109544,0.01267813978346578
0,0.9273110315303053,0.050388962498125,0.022300005971569805
0,0.909830728637546,0.06993344012110125,0.02023583124135283
0,0.9142264593285576,0.06497362253334456,0.020799918138097815
1,0.9273110315303053,0.050388962498125,0.022300005971569805
0,0.9261807837284493,0.06109360323865539,0.012725613032895424
0,0.9273110315303053,0.050388962498125,0.022300005971569805
0,0.9142264593285576,0.06497362253334456,0.020799918138097815
0,0.9524240930244809,0.043397817523548425,0.004178089451970652
0,0.9470970068515903,0.03966101164199025,0.013241981506419665
0,0.9329591062188264,0.0469810483711185,0.020059845410055083
0,0.9382895715141292,0.04796831695709058,0.013742111528780316
0,0.9273110315303053,0.050388962498125,0.022300005971569805
0,0.951752131355919,0.03689333898771583,0.011354529656365115
0,0.9432085899603317,0.04724482354285812,0.009546586496810009
0,0.9273110315303053,0.050388962498125,0.022300005971569805
0,0.9041120957487048,0.06940675332501513,0.026481150926280013
0,0.9455605457301937,0.04476721791381559,0.009672236355990712
0,0.949708434434728,0.0394176673717802,0.010873898193491901
0,0.7131814846473161,0.17724831065730878,0.10957020469537523
0,0.4727648176853997,0.21101528909952402,0.3162198932150763
1,0.7363538053205418,0.15723930884830492,0.10640688583115332
2,0.4806732782616566,0.21320293966510287,0.30612378207324037
1,0.5962251259917459,0.2729814234417654,0.13079345056648858
2,0.5744364532676973,0.340280836269496,0.08528271046280667
2,0.5008520514280415,0.1931739297961062,0.30597401877585234
0,0.4043014677939697,0.26470599429227787,0.3309925379137525
2,0.5644191751889893,0.21483145234940898,0.22074937246160162
0,0.4553072394272119,0.2278053312435241,0.31688742932926406
0,0.5218823779459327,0.2876170467501058,0.1905005753039615
0,0.3679372653037001,0.2614234242954688,0.37063931040083103
1,0.39047929709028417,0.4243682954604834,0.1851524074492325
0,0.13649428735830893,0.6051288592647319,0.25837685337695915
2,0.42951598185309325,0.25695838368873625,0.31352563445817055
2,0.5374868799088548,0.1798310665207293,0.2826820535704159
0,0.8396664437892457,0.08790162216358226,0.07243193404717209
0,0.6590458131618886,0.1376863147772225,0.20326787206088884
0,0.6785877380454296,0.16917818416670785,0.15223407778786252
0,0.737530546681867,0.14145740320302755,0.1210120501151055
1,0.6193982993398742,0.1522969110424504,0.22830478961767528
0,0.6795514267250914,0.18433651416568242,0.13611205910922622
0,0.38925548156834144,0.38493647948423837,0.2258080389474201
0,0.5555754320884001,0.23615158352425236,0.20827298438734765
0,0.7972583237484,0.1369068993189547,0.06583477693264535
0,0.7510447926166446,0.1306793116274187,0.1182758957559368
0,0.7576410016372628,0.15664923934312067,0.08570975901961655
0,0.7827137939949359,0.1177214824598153,0.09956472354524883
0,0.8955263502946842,0.06607045261694623,0.038403197088369666
0,0.8572717112111796,0.11800558635478683,0.02472270243403352
0,0.8021226956855896,0.1268763656894042,0.07100093862500637
0,0.8732430864655827,0.08828463795238671,0.038472275582030556
1,0.8084792475006332,0.13355238722550858,0.05796836527385833
1,0.8766601956975056,0.09348388977805135,0.02985591452444301
0,0.7805371456112336,0.1546084523171172,0.06485440207164925
0,0.7707392942228093,0.16276484819382786,0.06649585758336288
0,0.8021226956855896,0.1268763656894042,0.07100093862500637
0,0.8515766619846953,0.12733492910404876,0.021088408911256008
0,0.8480312331830919,0.09616947307637186,0.05579929374053622
0,0.8034334478775037,0.12044262472880939,0.07612392739368695
0,0.8738119990211946,0.10537515578559066,0.02081284519321469
0,0.8625606924789245,0.08692447812417785,0.0505148293968976
0,0.9083277223933397,0.07318695531828458,0.018485322288375648
0,0.9060247582157608,0.06688084456691462,0.027094397217324498
0,0.8218273830038479,0.1281524274539372,0.05002018954221489
0,0.8349808931244853,0.10448837708888305,0.06053072978663158
2,0.7980081753520464,0.15163193908548253,0.05035988556247106
0,0.7877066302701083,0.13105687928864654,0.08123649044124516
0,0.8565631676130638,0.110492274470621,0.03294455791631507
1,0.8707163542740539,0.10547445877767817,0.023809186948267967
2,0.8534783334628625,0.10570157018080512,0.04082009635633248
0,0.8534783334628625,0.10570157018080512,0.04082009635633248
0,0.8625606924789245,0.08692447812417785,0.0505148293968976
0,0.8658901116063726,0.11614978277152124,0.017960105622106086
0,0.7943628962280183,0.14481099021545407,0.060826113556527596
0,0.7943628962280183,0.14481099021545407,0.060826113556527596
0,0.830926207558124,0.10889252641476195,0.06018126602711413
0,0.830926207558124,0.10889252641476195,0.06018126602711413
0,0.8564827524279384,0.10789683474577724,0.035620412826284406
0,0.8727970986901462,0.08562109967625277,0.04158180163360112
0,0.47722776051926213,0.3750314381399028,0.1477408013408351
1,0.08599416121700068,0.11944457268232184,0.7945612661006775
0,0.6875036212502543,0.14194831989932,0.1705480588504257
0,0.7856226057228626,0.16067652876714844,0.05370086550998907
0,0.8349808931244853,0.10448837708888305,0.06053072978663158
0,0.8017335002991012,0.12162094705213278,0.07664555264876613
2,0.5664989220802326,0.19442445312241782,0.23907662479734967
0,0.8336438803939956,0.11416448415243516,0.05219163545356914
1,0.7265473026003804,0.16263450306561117,0.11081819433400841
0,0.8053868780019986,0.15274123743501214,0.041871884562989244
0,0.9238533377192182,0.05142849926205381,0.02471816301872789
0,0.9159310076107926,0.05713720822345135,0.02693178416575623
0,0.2087578787514472,0.20913454391600983,0.5821075773325429
2,0.025903621849721527,0.1829440533879667,0.7911523247623118
0,0.9785593482264637,0.017045697047033345,0.004394954726503031
1,0.01899658391180273,0.08407331787150495,0.8969300982166922
1,0.9705297785269276,0.025141754886661975,0.0043284665864105065
0,0.84214041213316,0.11727148710384327,0.040588100762996654
1,0.341306386734983,0.2840013788683698,0.37469223439664723
1,0.897270194748847,0.07317070564181362,0.029559099609339307
1,0.3984071933401931,0.30836717723334633,0.2932256294264607
0,0.7958117188287134,0.13120210004706379,0.07298618112422271
0,0.8563168443621175,0.10725923777081471,0.03642391786706772
0,0.7635650480842675,0.1588056761289921,0.07762927578674039
1,0.03025812024472101,0.49631867867755736,0.4734232010777215
0,0.956473443635238,0.030935816779008057,0.012590739585753906
0,0.7827432571151178,0.12309810285769422,0.09415864002718809
1,0.07858644194373653,0.2998941845444104,0.621519373511853
0,0.7307960718685785,0.16583219052801446,0.10337173760340705
2,0.18889986203112696,0.2627290162806427,0.5483711216882303
0,0.9607639223699148,0.02955931128887916,0.009676766341206058
2,0.3870296465224489,0.28968131167893135,0.3232890417986196
0,0.9515508156844554,0.03845735507849139,0.009991829237053272
0,0.9555499863825542,0.034388673206612506,0.010061340410833515
2,0.11983443864980227,0.273691010454559,0.6064745508956388
0,0.9061411127456518,0.06648262383735067,0.02737626341699743
0,0.9132068265639577,0.06072380151850027,0.026069371917541957
0,0.5980698973184645,0.21929470010787303,0.18263540257366248
0,0.07749520779533388,0.21340579675915242,0.7090989954455137
0,0.6928027017111649,0.2387598603255087,0.0684374379633264
2,0.029285658679020624,0.10297460891822056,0.8677397324027588
2,0.3254190583081364,0.3052536017898116,0.36932733990205197
2,0.2233574199640392,0.17621719615370443,0.6004253838822564
1,0.9121224387070694,0.06725566432987619,0.02062189696305452
1,0.12612071792433316,0.44264770571731094,0.43123157635835596
1,0.929060078982717,0.05383967894060509,0.017100242076677957
0,0.36507902337216774,0.3646359688183473,0.2702850078094849
0,0.8944513864663788,0.09378782327082175,0.011760790262799635
0,0.7993839560868877,0.11966190219027237,0.08095414172283986
1,0.8435003438428845,0.11082366119698245,0.045675994960133075
2,0.21837874518687894,0.17996379367297494,0.6016574611401462
2,0.08193297934681341,0.1574138290821133,0.7606531915710733
0,0.6636094034036355,0.17313084925561814,0.16325974734074641
1,0.8891751056484591,0.09175127137396151,0.01907362297757943
0,0.834457771805973,0.11126603053804643,0.0542761976559806
0,0.3455729065002442,0.18898378650328,0.4654433069964758
0,0.10222402383030837,0.18383070238839952,0.7139452737812921
0,0.667895557291475,0.19624646445437463,0.13585797825415044
0,0.8282094826776077,0.13767497085978556,0.03411554646260668
0,0.5831416760680203,0.2759015843488019,0.1409567395831778
2,0.8378924578177974,0.08482484992913682,0.0772826922530658
1,0.6105420367510169,0.22177092125983675,0.1676870419891464
0,0.9545760577572748,0.03140918792004417,0.014014754322680897
2,0.0543007280916947,0.18629115273883662,0.7594081191694687
1,0.8493713277897682,0.11859796393997715,0.03203070827025457
0,0.6611177363320486,0.21018109941841864,0.12870116424953273
0,0.9438160867352693,0.04646262303172284,0.009721290233007834
0,0.8438703259646702,0.12582369057589413,0.03030598345943572
0,0.3785216961983167,0.16418622647729722,0.4572920773243859
0,0.8175450506820041,0.11323431384170152,0.06922063547629438
1,0.3879194079118824,0.5812899992725812,0.03079059281553641
0,0.8651963707804828,0.09349280211191854,0.04131082710759846
0,0.8495166888686162,0.09410465406201193,0.056378657069371875
1,0.3204300622712257,0.2849107248116075,0.39465921291716666
2,0.6647335376399888,0.2558525950650759,0.07941386729493528
1,0.06710540125035917,0.1542602614043128,0.7786343373453279
2,0.0907138233519795,0.14942251247027863,0.7598636641777419
1,0.4704224816585536,0.3018288540839416,0.22774866425750473
0,0.11229105298143748,0.18610592824569136,0.7016030187728711
2,0.2371223860913427,0.20937827492012556,0.5534993389885318
0,0.8321712052635187,0.12996563047349521,0.03786316426298597
0,0.7877066302701083,0.13105687928864654,0.08123649044124516
2,0.08207130867818238,0.13556020847359349,0.7823684828482241
2,0.06143026233915015,0.49785287696931063,0.4407168606915391
1,0.7491280009195568,0.1624113968462779,0.08846060223416535
0,0.4313741421814021,0.3157281200433201,0.2528977377752777
0,0.9225508347629002,0.044661601862481005,0.032787563374618654
0,0.9146749617583374,0.05784555291912483,0.02747948532253776
2,0.06829004156926355,0.19734383037653994,0.7343661280541965
2,0.09413624577662573,0.16487502255727457,0.7409887316660997
0,0.8938475056631777,0.08701919763012742,0.01913329670669497
2,0.05079247470758842,0.17454761674268696,0.7746599085497246
1,0.08652365232547005,0.12155326534524033,0.7919230823292897
0,0.7330958910867932,0.2210600346355247,0.04584407427768208
2,0.1256741849995607,0.16230503920449793,0.7120207757959414
0,0.9411643030410154,0.03907796562909336,0.019757731329891136
0,0.6738646320213292,0.1725166550212162,0.15361871295745444
0,0.6666170002745939,0.19857878595888123,0.13480421376652485
0,0.8830666079221805,0.07892778141893826,0.03800561065888127
2,0.11847448753820071,0.12832075325514847,0.7532047592066508
2,0.03636534303712532,0.12427160613254626,0.8393630508303285
0,0.1338627687825556,0.28260690040571856,0.5835303308117259
0,0.4500101425139699,0.36962682388735263,0.18036303359867753
