target,prediction_-1,prediction_0,prediction_1
2,0.41225932813034416,0.2465991556734318,0.34114151619622407
0,0.2449451163230748,0.25152290180603587,0.5035319818708894
1,0.13005038905198069,0.47677128511905953,0.39317832582896
1,0.19412687006343382,0.3466140904740145,0.4592590394625517
2,0.26830740293407923,0.3717326636969056,0.3599599333690152
2,0.048611111111111105,0.3506944444444445,0.6006944444444445
1,0.014087301587301586,0.40009920634920637,0.5858134920634921
1,0.1594344305151148,0.30336892638314483,0.5371966431017404
2,0.1711162793680163,0.3119571035568483,0.5169266170751354
2,0.014087301587301586,0.40009920634920637,0.5858134920634921
2,0.18858225108225107,0.20928030303030304,0.6021374458874459
2,0.16211340590845555,0.3456325579790889,0.49225403611245566
0,0.8677395318103297,0.10543089797762534,0.026829570212045153
0,0.8172766878482958,0.1094021933263826,0.07332111882532209
0,0.8339000478029954,0.10487179314325737,0.06122815905374792
0,0.8741266432783255,0.08842647962465246,0.03744687709702174
2,0.1791498411662599,0.2185831915311403,0.6022669673025998
1,0.14844369884684525,0.20495335581892474,0.64660294533423
0,0.1489799350052494,0.1997250532744842,0.6512950117202664
1,0.1348819305383958,0.15209469403876985,0.7130233754228341
2,0.1251577169923163,0.18580611972997207,0.6890361632777114
2,0.17069747421175874,0.195607314775475,0.6336952110127663
2,0.1002979469256669,0.14089369908700292,0.7588083539873302
2,0.11878539281976128,0.18498980310203728,0.6962248040782011
1,0.11094860010993557,0.19082687553846314,0.6982245243516015
2,0.25882890064365954,0.1665130521099532,0.5746580472463872
2,0.09689530042283136,0.14229571547011569,0.7608089841070528
2,0.1584039306682152,0.17477398144214162,0.6668220878896431
2,0.10017093294858602,0.14520697635254468,0.7546220906988692
0,0.10902245866033676,0.15578717307616047,0.7351903682635027
2,0.17632210944658888,0.22428050003599154,0.5993973905174196
2,0.2715504462926462,0.16088659599698732,0.5675629577103665
2,0.20200757216719975,0.23783454142279933,0.5601578864100009
1,0.2000394539293004,0.16855930768820745,0.6314012383824923
1,0.15741946188983139,0.1545953234613313,0.6879852146488371
1,0.2715504462926462,0.16088659599698732,0.5675629577103665
0,0.1492969132632171,0.14901840521571302,0.7016846815210697
0,0.11832463984103328,0.23387046696472927,0.6478048931942374
2,0.1801858284949429,0.23465963702803178,0.5851545344770255
2,0.17163131120487726,0.23208794221346662,0.5962807465816562
2,0.15618571276487314,0.22674984705308168,0.6170644401820452
2,0.14821497783968446,0.20722245513058002,0.6445625670297356
2,0.09279363607261945,0.2015306245529444,0.7056757393744361
2,0.12142013547992159,0.20944546091927507,0.6691344036008031
1,0.1492969132632171,0.14901840521571302,0.7016846815210697
2,0.15318548833583362,0.1480323861833023,0.6987821254808639
0,0.726448801208334,0.08956675918201167,0.1839844396096543
0,0.9048088562027375,0.08363112158534888,0.011560022211913401
0,0.8938925447348427,0.08777440283601737,0.01833305242913973
0,0.82310439150259,0.11426408865442358,0.06263151984298652
0,0.8904939957341672,0.09400435903119866,0.01550164523463417
0,0.868039046754205,0.10853491607607338,0.023426037169722212
0,0.866548409875969,0.1067715764798055,0.026680013644225946
0,0.82310439150259,0.11426408865442358,0.06263151984298652
0,0.9017846278755699,0.08297910579769792,0.01523626632673214
0,0.8711410996973751,0.10568268351877114,0.023176216783854026
0,0.9048088562027375,0.08363112158534888,0.011560022211913401
0,0.9048088562027375,0.08363112158534888,0.011560022211913401
2,0.182894476041792,0.11808051758525642,0.6990250063729514
2,0.15730729109431288,0.19150952985449357,0.6511831790511932
2,0.05555555555555555,0.04793028322440087,0.8965141612200436
1,0.1318822963836936,0.1140899851195437,0.7540277184967626
2,0.134659380376349,0.11370022437073643,0.7516403952529146
2,0.14175016990098213,0.1132023526641917,0.745047477434826
2,0.09516646286357497,0.20012004928704893,0.7047134878493758
2,0.1745889619383293,0.19401646924374102,0.6313945688179294
0,0.8681281737670624,0.10734504180056592,0.024526784432372266
0,0.8629739326111739,0.11236263869251943,0.024663428696306878
0,0.8681281737670624,0.10734504180056592,0.024526784432372266
0,0.88841467630541,0.09179345278495175,0.0197918709096379
0,0.8625328420357049,0.11650507209587109,0.0209620858684243
0,0.8979250477729198,0.08871608518646135,0.013358867040618847
0,0.8868322959660716,0.09293542370271232,0.02023228033121584
0,0.8579636614661968,0.11882579927915529,0.023210539254648256
1,0.9048088562027375,0.08363112158534888,0.011560022211913401
0,0.8628523948432439,0.09031114780215835,0.046836457354597655
0,0.8551093868889371,0.11118456458982556,0.03370604852123704
0,0.8208932456527784,0.16390538352063602,0.01520137082658553
1,0.8628523948432439,0.09031114780215835,0.046836457354597655
0,0.8089317856235051,0.14230912922565842,0.04875908515083664
0,0.8455090233596385,0.11766312447282118,0.036827852167540046
0,0.8117713312961975,0.14429547807650894,0.04393319062729375
0,0.8455090233596385,0.11766312447282118,0.036827852167540046
0,0.700277731763841,0.18728541099155488,0.11243685724460427
0,0.659975671047292,0.20699197822101637,0.1330323507316915
2,0.6304148602364812,0.20857559308588122,0.16100954667763745
1,0.6574071651831488,0.2102351342845007,0.13235770053235066
0,0.9048088562027375,0.08363112158534888,0.011560022211913401
0,0.9048088562027375,0.08363112158534888,0.011560022211913401
0,0.8979250477729198,0.08871608518646135,0.013358867040618847
0,0.8582356883784907,0.12386806994045173,0.017896241681057714
0,0.8354204619479614,0.11505993446296196,0.04951960358907685
1,0.8899844956881646,0.08925589468102166,0.020759609630813452
0,0.8254242277733619,0.13325138513065676,0.04132438709598125
0,0.8173571101244094,0.1443708714328314,0.03827201844275983
0,0.8979250477729198,0.08871608518646135,0.013358867040618847
0,0.8238597650936142,0.14671542980813773,0.02942480509824801
1,0.8486748087817748,0.11550534260097188,0.03581984861725336
0,0.8486748087817748,0.11550534260097188,0.03581984861725336
0,0.8979250477729198,0.08871608518646135,0.013358867040618847
0,0.8245026819061119,0.14026612404128427,0.035231194052604525
0,0.8494115064706886,0.11573078346000892,0.03485771006930247
0,0.8322109742561665,0.13059018775505027,0.03719883798878331
0,0.8979250477729198,0.08871608518646135,0.013358867040618847
0,0.8145627766505932,0.14595832131373143,0.03947890203567532
0,0.8979250477729198,0.08871608518646135,0.013358867040618847
0,0.808448882868761,0.13890042699573263,0.05265069013550638
0,0.8979250477729198,0.08871608518646135,0.013358867040618847
0,0.8979250477729198,0.08871608518646135,0.013358867040618847
0,0.9048088562027375,0.08363112158534888,0.011560022211913401
0,0.9048088562027375,0.08363112158534888,0.011560022211913401
2,0.08181961535799023,0.17799114274452824,0.7401892418974815
2,0.08800861237899746,0.18290654749468782,0.7290848401263147
2,0.05973417509955576,0.1088551466482841,0.8314106782521601
2,0.08538169464428458,0.22959798827604583,0.6850203170796696
2,0.10066107420436267,0.17223979329663833,0.7270991324989993
2,0.10321792817098581,0.16132621144228806,0.7354558603867261
2,0.02308010734269727,0.24359970007187526,0.7333201925854274
2,0.07809478609046085,0.14629495659042097,0.775610257319118
2,0.06929359906432003,0.16856422391614845,0.7621421770195318
2,0.07809478609046085,0.14629495659042097,0.775610257319118
2,0.02308010734269727,0.24359970007187526,0.7333201925854274
2,0.07809478609046085,0.14629495659042097,0.775610257319118
2,0.11710681705987468,0.17637250773858437,0.7065206752015408
2,0.05760391686650679,0.164783173461231,0.7776129096722622
2,0.09915535248136592,0.17301092962379713,0.727833717894837
2,0.0680673975657935,0.11278115742606563,0.8191514450081409
2,0.11237165056245056,0.2736072708966735,0.6140210785408758
2,0.1314753423728645,0.2061667476001067,0.6623579100270286
2,0.08271600510233681,0.18062710808387128,0.7366568868137922
2,0.09107507102812866,0.15733811620419283,0.7515868127676785
2,0.08249345232973522,0.20148329387806846,0.7160232537921966
2,0.09107507102812866,0.15733811620419283,0.7515868127676785
2,0.06685245294952724,0.176519741467261,0.7566278055832114
2,0.08249345232973522,0.20148329387806846,0.7160232537921966
2,0.1182099774725674,0.19235051352857108,0.6894395089988615
2,0.12048147010987285,0.2485410715636325,0.6309774583264947
2,0.0640935868884668,0.11604324086844708,0.8198631722430862
1,0.06140471124085709,0.13544486922749183,0.8031504195316509
2,0.09976876862070357,0.17712288930480488,0.7231083420744917
2,0.09976876862070357,0.17712288930480488,0.7231083420744917
0,0.05673468251534258,0.17089792203086057,0.7723673954537966
2,0.14050500752287612,0.2613900610049951,0.5981049314721287
0,0.05760391686650679,0.164783173461231,0.7776129096722622
2,0.06281952529022082,0.12266789031360056,0.8145125843961788
2,0.2254376529287478,0.17608565485026606,0.598476692220986
2,0.19509088581669226,0.28776348352961256,0.5171456306536951
1,0.12951103161926167,0.22117921763150114,0.6493097507492371
0,0.05085788512047505,0.2790027501808077,0.6701393646987172
2,0.06585918178872521,0.2563599668845982,0.6777808513266763
1,0.10335288056860213,0.22946984945796997,0.6671772699734281
2,0.07345058261435831,0.17796390213299623,0.7485855152526456
2,0.08024120886487592,0.17288649621506677,0.7468722949200574
2,0.05732843404011611,0.18393369905433368,0.7587378669055501
2,0.06818099457862202,0.18945400150943828,0.7423650039119398
2,0.05946408172442417,0.18614516985533633,0.7543907484202393
2,0.06148344647519302,0.1924210057185125,0.7460955478062945
1,0.09618159475586373,0.16219034195506518,0.7416280632890713
1,0.061947613409858965,0.19339510331638018,0.7446572832737607
2,0.02308010734269727,0.24359970007187526,0.7333201925854274
2,0.10464392705720532,0.16536494512966834,0.7299911278131266
2,0.09618159475586373,0.16219034195506518,0.7416280632890713
2,0.10051765409492786,0.2127069205776417,0.6867754253274303
2,0.056467377038522025,0.1423446265441495,0.8011879964173284
2,0.02308010734269727,0.24359970007187526,0.7333201925854274
2,0.05332783777757041,0.23689589065280442,0.7097762715696249
1,0.06617659484545878,0.14674479551063782,0.7870786096439033
2,0.06188842036373636,0.2296091110406995,0.7085024685955641
2,0.06717592591865662,0.1980474994706409,0.7347765746107028
2,0.056266459258391376,0.25625084385922076,0.6874826968823875
2,0.0559083901709801,0.2063522253244005,0.7377393845046193
1,0.0559083901709801,0.3085194079869392,0.6355722018420806
2,0.05960926859722502,0.31448078392952994,0.6259099474732449
1,0.05960926859722502,0.31448078392952994,0.6259099474732449
1,0.03444687600292814,0.38193674949749296,0.5836163744995789
2,0.0559083901709801,0.3085194079869392,0.6355722018420806
2,0.0559083901709801,0.3085194079869392,0.6355722018420806
0,0.6749303707472432,0.14798968689700065,0.17707994235575575
0,0.6045819201796877,0.17814583449568153,0.21727224532463071
2,0.21187107389303728,0.2148179945074912,0.5733109315994719
2,0.269340427061035,0.22295870040137677,0.5077008725375882
1,0.2185538048385123,0.17894311442008823,0.6025030807413995
2,0.24156264928325724,0.2459072955482478,0.5125300551684949
1,0.20952795712252262,0.22560895947080542,0.5648630834066719
0,0.2660681853285211,0.203515191525876,0.5304166231456029
2,0.2424887453083872,0.25443751383827257,0.5030737408533402
0,0.28210722204624644,0.16953001267025658,0.5483627652834969
1,0.6947384035903529,0.14498666459827678,0.16027493181137037
0,0.6685885942376029,0.20833946600024017,0.12307193976215702
0,0.6903814933279684,0.19652744236857103,0.11309106430346055
1,0.6260346998866492,0.16224081530070333,0.21172448481264747
0,0.7168928273899229,0.17470751712218155,0.10839965548789554
0,0.7241213698702533,0.12708404900950418,0.1487945811202424
0,0.6203785039686159,0.1503223640249438,0.22929913200644036
0,0.6203785039686159,0.1503223640249438,0.22929913200644036
2,0.24308726010661152,0.21271952915973993,0.5441932107336487
2,0.24811348938898006,0.21111378909432982,0.5407727215166903
2,0.28210722204624644,0.16953001267025658,0.5483627652834969
2,0.26646852357636275,0.13169224554662093,0.6018392308770163
2,0.23030286562040878,0.17872972661986244,0.5909674077597287
2,0.23822803498553227,0.20024848139315582,0.5615234836213122
0,0.3904957181097904,0.11471420309677738,0.49479007879343223
2,0.6335991945658753,0.1303795153291121,0.23602129010501252
0,0.6335991945658753,0.1303795153291121,0.23602129010501252
0,0.3782937349736363,0.11203275773980659,0.5096735072865571
2,0.6335991945658753,0.1303795153291121,0.23602129010501252
0,0.6335991945658753,0.1303795153291121,0.23602129010501252
2,0.2583178393101802,0.23230843810407506,0.5093737225857448
2,0.23764010366110083,0.23845649668202823,0.5239033996568709
0,0.26322450896423394,0.25814933523712513,0.47862615579864126
2,0.27698539624819773,0.2664275177351757,0.4565870860166264
1,0.5364351121820099,0.20107836593307277,0.26248652188491733
2,0.47750903664745686,0.25322735457278156,0.26926360877976135
1,0.274863514691128,0.25422438447847523,0.47091210083039675
2,0.23095031400597252,0.24168772057775095,0.5273619654162767
2,0.014285714285714285,0.23273809523809524,0.7529761904761905
1,0.16922445724359003,0.14767381305057511,0.6831017297058347
2,0.1598941228393876,0.25029680409868005,0.5898090730619324
2,0.15977758026898256,0.22523684498994742,0.6149855747410702
0,0.28938700289882685,0.2527891725169475,0.4578238245842258
1,0.31350486833505703,0.21442545841040758,0.47206967325453525
2,0.41728614272479964,0.22160050754803698,0.36111334972716347
2,0.17755083031722374,0.3020252288694911,0.520423940813285
0,0.29123748494668594,0.27502971365652995,0.43373280139678416
1,0.17755083031722374,0.3020252288694911,0.520423940813285
2,0.30929686206325546,0.26512046696472924,0.4255826709720152
0,0.33570574822381566,0.29268928015932766,0.3716049716168568
1,0.3196419845189769,0.18055524583672594,0.4998027696442971
2,0.18874704078570298,0.3847451435734169,0.42650781564088014
2,0.42954293367679436,0.15876493313873113,0.4116921331844747
0,0.42206646936618064,0.18822902032721708,0.38970451030660236
2,0.22976651033758122,0.2816472014089224,0.4885862882534964
0,0.256725149356809,0.28434265792800917,0.4589321927151821
1,0.32777391918621773,0.17510112519875315,0.4971249556150291
1,0.276919881919137,0.18998207757970553,0.5330980405011575
1,0.27804878048780485,0.3299238951036127,0.39202732440858246
1,0.1973730132472681,0.3510410664347983,0.4515859203179337
1,0.21554788424151974,0.355286861615563,0.42916525414291745
2,0.2041036149174604,0.3652055301537316,0.4306908549288081
1,0.12126422619713567,0.2678197310543885,0.6109160427484758
2,0.12460141562142123,0.43897441905100165,0.43642416532757716
2,0.13548997917569316,0.3635495944256043,0.5009604263987029
1,0.058035815340929664,0.2844430599939771,0.6575211246650928
0,0.7474001661504772,0.21461620133047993,0.03798363251904286
0,0.8769271092691184,0.09803312997950982,0.025039760751371903
0,0.9037382089592038,0.08576784016784565,0.010493950872950708
0,0.7996476174943141,0.18800977562766868,0.01234260687801722
0,0.9037382089592038,0.08576784016784565,0.010493950872950708
0,0.8531755891477815,0.11799716995763651,0.028827240894582364
0,0.8885754799996624,0.09308834784287032,0.01833617215746727
1,0.8937919756494295,0.08983668004748771,0.016371344303083228
0,0.8584627919792722,0.1094678654552282,0.03206934256549993
0,0.8805517922876518,0.10132977872859891,0.018118428983749664
0,0.911436235380493,0.0752048975788882,0.013358867040618847
0,0.7906569816834211,0.19198760068147583,0.017355417635103
0,0.8975526885110224,0.0927959467835455,0.009651364705432298
1,0.9297105017983636,0.05657093401480913,0.01371856418682714
0,0.8711560199282459,0.10477851719400914,0.024065462877745004
0,0.878963841886582,0.10015155123072775,0.020884606882690625
0,0.9121160464767641,0.07880082066754798,0.009083132855687731
0,0.8960823148203896,0.08763965254496511,0.01627803263464571
0,0.8992261360906896,0.09054247216952906,0.010231391739781319
0,0.911436235380493,0.0752048975788882,0.013358867040618847
1,0.8606599432708423,0.11630904379485126,0.023031012934306812
0,0.8761741315969687,0.09937772679473725,0.024448141608294026
0,0.8017647561543046,0.16142883295257068,0.036806410893124704
0,0.8600880589777815,0.1137423186555476,0.02616962236667114
0,0.8417091431867314,0.13611918380580862,0.02217167300745966
1,0.7579255639117056,0.18556650039818756,0.05650793569010724
0,0.7875675846456657,0.18000837589459462,0.0324240394597397
1,0.765731250271035,0.14974047033632787,0.0845282793926371
0,0.765731250271035,0.14974047033632787,0.0845282793926371
0,0.6886994481508936,0.22492976867050257,0.08637078317860378
1,0.46214591759408613,0.23016510957213523,0.3076889728337785
0,0.319078947368421,0.40942982456140353,0.27149122807017545
1,0.3557539682539682,0.13569444444444445,0.5085515873015872
2,0.47786952154405027,0.32809228636532073,0.19403819209062897
0,0.7945566093866661,0.16248993706973167,0.04295345354360223
0,0.7646283983799045,0.17061436143155168,0.06475724018854381
1,0.8014573102614452,0.16338681657495369,0.03515587316360094
0,0.7980390092352604,0.15511033833405624,0.0468506524306833
0,0.7989868483924871,0.16335101277975142,0.03766213882776134
0,0.7509740322672576,0.1949181402464136,0.05410782748632892
1,0.7170194597535386,0.22637207060053371,0.05660846964592773
0,0.6752039829723299,0.25673670969560497,0.06805930733206507
0,0.6886994481508936,0.22492976867050257,0.08637078317860378
1,0.5069321162562728,0.3183309905269186,0.17473689321680838
0,0.5024776915747348,0.3256169553361229,0.17190535308914195
1,0.7304602613270915,0.20217319328558803,0.06736654538732054
0,0.867670075008898,0.11387100666753605,0.018458918323565932
0,0.8580450468367096,0.12315289758482252,0.018802055578467893
0,0.881942105660239,0.10293230934952839,0.015125584990232598
0,0.8826622549789855,0.10361768592629693,0.013720059094717619
0,0.8817424895515803,0.10117700410758028,0.01708050634083937
0,0.905699294017881,0.08054254665986704,0.013758159322251886
0,0.9274347683433003,0.06445970415293549,0.008105527503764115
0,0.9272781224834638,0.06328344664440869,0.009438430872127647
0,0.8753518428464269,0.08765766295161234,0.03699049420196088
0,0.9065425807214808,0.07305628739108046,0.020401131887438768
0,0.911436235380493,0.0752048975788882,0.013358867040618847
0,0.911436235380493,0.0752048975788882,0.013358867040618847
0,0.9261211404337145,0.06427898703191968,0.009599872534365856
0,0.9098859622959579,0.07914146546177772,0.010972572242264432
0,0.9170616249518467,0.06942605127385543,0.01351232377429773
0,0.884121751847473,0.09773889862911678,0.018139349523410377
0,0.9178258662620665,0.06485488362121884,0.0173192501167145
0,0.8940704973805049,0.08236973018038583,0.023559772439109287
0,0.870537670831809,0.10928562251720696,0.02017670665098418
0,0.8605959379779088,0.1062221119603183,0.03318195006177289
1,0.7754166402181975,0.17464352176592052,0.04993983801588216
0,0.7667357703094614,0.16871873858924544,0.06454549110129311
1,0.7587868058265905,0.2157126925585501,0.025500501614859325
0,0.6568890966551982,0.20569318658637836,0.13741771675842349
1,0.2594046778858651,0.17540548601419015,0.5651898360999449
2,0.43751753578962854,0.3004245442211937,0.26205791998917755
1,0.20748380578811132,0.22181651606861055,0.570699678143278
2,0.4164202508960574,0.27729390681003585,0.3062858422939068
2,0.34496105830571866,0.26446915652211617,0.3905697851721652
2,0.4016764994153815,0.34451777138390216,0.253805729200716
1,0.29679898865079013,0.23877406406337198,0.464426947285838
2,0.4109933560730104,0.35351377421528957,0.2354928697116998
0,0.512828947368421,0.21405945419103312,0.27311159844054583
1,0.3261086525459688,0.2441871831821974,0.42970416427183367
0,0.3374609013964702,0.26454412790194487,0.3979949707015849
1,0.30459723866319,0.25265382501348965,0.4427489363233206
0,0.3410754051147172,0.24969368693594285,0.4092309079493401
0,0.42405162649989103,0.271171021131439,0.30477735236867004
0,0.5584162824899935,0.24925263852690127,0.19233107898310522
1,0.6792589791721466,0.22567717425093856,0.0950638465769148
2,0.32202115422775957,0.24905714302872226,0.42892170274351843
2,0.3591113584346229,0.2610457297561476,0.3798429118092295
1,0.32706007638334084,0.2738662425766604,0.39907368103999874
1,0.3808845029239766,0.26753167641325537,0.35158382066276805
0,0.2693177901621767,0.2518272126737307,0.4788549971640927
2,0.512828947368421,0.21405945419103312,0.27311159844054583
0,0.4709958986038194,0.2511486791138448,0.2778554222823359
1,0.6919252546025065,0.19658875484561777,0.11148599055187566
2,0.19586777427302463,0.18348514376023903,0.6206470819667363
2,0.30119619683592513,0.3174654902392388,0.38133831292483605
2,0.08481412902801623,0.2025273827979249,0.7126584881740586
2,0.12932614417153743,0.29725094428222654,0.5734229115462357
2,0.05187694927826989,0.17171683008262206,0.7764062206391081
2,0.04587805165703503,0.28375465052697035,0.6703672978159945
1,0.12605250341377944,0.23717161421334776,0.6367758823728729
2,0.1512310752110172,0.2954426439036211,0.5533262808853616
2,0.04587805165703503,0.28375465052697035,0.6703672978159945
2,0.059349002168600985,0.1909279278766066,0.7497230699547923
2,0.06214275253196083,0.1817382142390342,0.7561190332290051
2,0.05409633174616,0.2170691993590091,0.7288344688948308
1,0.06214275253196083,0.1817382142390342,0.7561190332290051
2,0.056545525139625845,0.21550627355072724,0.7279482013096468
2,0.1583477331614227,0.16547404671722946,0.6761782201213478
2,0.19689383042611674,0.26730987498729447,0.5357962945865888
2,0.09210432191286395,0.16247229990778866,0.7454233781793472
2,0.2164068626377224,0.1870557579944431,0.5965373793678345
2,0.1981837606837607,0.138258547008547,0.6635576923076923
2,0.1981837606837607,0.16916763791763792,0.6326486013986014
0,0.7733922859495597,0.17817245813141663,0.048435255919024006
0,0.8920629533279264,0.09397633142432517,0.013960715247748424
0,0.8920629533279264,0.09397633142432517,0.013960715247748424
1,0.9084527737400521,0.07272052015765244,0.018826706102295285
0,0.863436557690016,0.10088087254690296,0.03568256976308117
0,0.8669540800862571,0.1086304837290084,0.024415436184734778
0,0.923307970134892,0.06909510542263339,0.007596924442474559
0,0.8835142518505682,0.09889606210295093,0.01758968604648113
0,0.907057866106931,0.07904300683623382,0.013899127056835275
0,0.9210642531438198,0.06919538955766048,0.009740357298519643
0,0.9116804780795378,0.07245909483157123,0.01586042708889064
0,0.8837868058265905,0.0907126925585501,0.025500501614859325
0,0.8874379499847925,0.09298635319014603,0.019575696825061564
0,0.907057866106931,0.07904300683623382,0.013899127056835275
0,0.8914586917528254,0.0908763288096413,0.01766497943753334
0,0.9212535233023671,0.07066217416875684,0.008084302528875834
0,0.9020333859362797,0.08224861899160954,0.01571799507211084
0,0.8578707507345075,0.10677243273275727,0.035356816532735535
0,0.8979759880173694,0.07319959447458463,0.028824417508045822
0,0.8522316529901466,0.11241153047711817,0.035356816532735535
0,0.8232483649090147,0.1461993151949964,0.030552319895989197
0,0.725328947368421,0.2293703007518797,0.04530075187969925
0,0.7495131856340641,0.2201539558137348,0.030332858552201317
0,0.4131944444444444,0.30563492063492065,0.28117063492063493
0,0.8982004392073111,0.08766565536723005,0.014133905425458853
1,0.877482232569921,0.10748978956548623,0.01502797786459275
0,0.9362827921839033,0.05836581211376436,0.005351395702332288
0,0.9425784137802333,0.0527277750005605,0.004693811219206134
0,0.8757334969047795,0.06246787679408911,0.061798626301131275
0,0.8687384352982066,0.06739352235902268,0.06386804234277081
0,0.9114668518630895,0.07560121004488438,0.012931938092026004
0,0.9257388825144305,0.0646625127268767,0.00959860475869267
0,0.9270229788643638,0.062376391767374154,0.010600629368261984
0,0.9246476174943141,0.06300977562766868,0.01234260687801722
0,0.9257388825144305,0.0646625127268767,0.00959860475869267
0,0.9524660810031113,0.04452270024489149,0.003011218751997334
0,0.9306893775639354,0.059712017677371755,0.00959860475869267
0,0.9306893775639354,0.059712017677371755,0.00959860475869267
0,0.911436235380493,0.0752048975788882,0.013358867040618847
0,0.9263050843386059,0.06559468070280985,0.008100234958584118
0,0.9318311536000277,0.05537316930711392,0.01279567709285851
0,0.8626288518213516,0.089123220851224,0.048247927327424334
0,0.8875722474365996,0.06744494245076725,0.04498281011263314
0,0.8597524059799126,0.08992474647148638,0.05032284754860094
0,0.9306893775639354,0.059712017677371755,0.00959860475869267
0,0.9308278968062168,0.06283359715511716,0.006338506038666214
0,0.911436235380493,0.0752048975788882,0.013358867040618847
0,0.9291124971960802,0.06256298598667316,0.008324516817246655
0,0.911436235380493,0.0752048975788882,0.013358867040618847
0,0.9323778540733058,0.059297629109447664,0.008324516817246655
0,0.9206326363725463,0.07104284681020696,0.008324516817246655
0,0.9353793409622607,0.05654306798348434,0.008077591054255042
0,0.911436235380493,0.0752048975788882,0.013358867040618847
0,0.911436235380493,0.0752048975788882,0.013358867040618847
0,0.7837815296402352,0.19019158814316237,0.026026882216602373
1,0.911436235380493,0.0752048975788882,0.013358867040618847
0,0.9340932536834422,0.059568240277891656,0.006338506038666214
0,0.9389275335861832,0.05153544984603717,0.00953701656777952
0,0.911436235380493,0.0752048975788882,0.013358867040618847
0,0.9389275335861832,0.05153544984603717,0.00953701656777952
0,0.911436235380493,0.0752048975788882,0.013358867040618847
0,0.9389275335861832,0.05153544984603717,0.00953701656777952
0,0.911436235380493,0.0752048975788882,0.013358867040618847
0,0.911436235380493,0.0752048975788882,0.013358867040618847
0,0.9524660810031113,0.04452270024489149,0.003011218751997334
0,0.9360050845426415,0.05788133069624523,0.006113584761113359
0,0.9524660810031113,0.04452270024489149,0.003011218751997334
0,0.9549827151529706,0.04200069367091769,0.0030165911761118433
0,0.9069626567282908,0.0842524638659534,0.008784879405755697
1,0.911436235380493,0.0752048975788882,0.013358867040618847
0,0.9389275335861832,0.05153544984603717,0.00953701656777952
0,0.9389275335861832,0.05153544984603717,0.00953701656777952
0,0.911436235380493,0.0752048975788882,0.013358867040618847
0,0.9340932536834422,0.059568240277891656,0.006338506038666214
0,0.9257388825144305,0.0646625127268767,0.00959860475869267
0,0.9328429964748931,0.06081849748644082,0.006338506038666214
0,0.9335613719700216,0.05816423772482505,0.008274390305153256
0,0.9462631827655843,0.050174352566688805,0.0035624646677269883
0,0.9360050845426415,0.05788133069624523,0.006113584761113359
0,0.9451209341432283,0.05016895053927975,0.0047101153174920075
0,0.9451209341432283,0.05016895053927975,0.0047101153174920075
0,0.9523742423658916,0.044515854789559044,0.0031099028445493583
0,0.9335613719700216,0.05816423772482505,0.008274390305153256
0,0.9335613719700216,0.05816423772482505,0.008274390305153256
0,0.9488731325433856,0.04756440278888737,0.0035624646677269883
0,0.911436235380493,0.0752048975788882,0.013358867040618847
0,0.9340932536834422,0.059568240277891656,0.006338506038666214
0,0.9315291511193398,0.06213234284199422,0.006338506038666214
0,0.9339537870593678,0.06006553620716375,0.005980676733468489
0,0.9549827151529706,0.04200069367091769,0.0030165911761118433
0,0.911436235380493,0.0752048975788882,0.013358867040618847
0,0.9339537870593678,0.06006553620716375,0.005980676733468489
0,0.9402467211512419,0.05464185608254722,0.00511142276621094
0,0.9402467211512419,0.05464185608254722,0.00511142276621094
0,0.9549827151529706,0.04200069367091769,0.0030165911761118433
0,0.9339537870593678,0.06006553620716375,0.005980676733468489
0,0.9523742423658916,0.044515854789559044,0.0031099028445493583
0,0.9351174070736309,0.05938732882564687,0.00549526410072235
0,0.9524660810031113,0.04452270024489149,0.003011218751997334
0,0.9389275335861832,0.05153544984603717,0.00953701656777952
0,0.911436235380493,0.0752048975788882,0.013358867040618847
0,0.9532694453937981,0.04326140160691252,0.0034691529992894737
0,0.9330084634182968,0.049302346100880044,0.017689190480823
0,0.9257388825144305,0.0646625127268767,0.00959860475869267
0,0.6764964763443484,0.31014465661503277,0.013358867040618847
0,0.940624549898893,0.054476746061282666,0.004898704039824495
2,0.940624549898893,0.054476746061282666,0.004898704039824495
0,0.839235032377976,0.06200286917684554,0.09876209844517833
0,0.9257388825144305,0.0646625127268767,0.00959860475869267
0,0.9390529324212068,0.05124869024446903,0.00969837733432422
0,0.9392768942347656,0.05601443373297612,0.004708672032258423
0,0.9502894652820533,0.04635949538129979,0.0033510393366469595
0,0.9335939022717368,0.06179343662883349,0.0046126610994299795
0,0.911436235380493,0.0752048975788882,0.013358867040618847
0,0.911436235380493,0.0752048975788882,0.013358867040618847
0,0.9203727208982689,0.07129130060566459,0.008335978496066408
1,0.9440109424035702,0.05255007901545973,0.0034389785809699654
1,0.911436235380493,0.0752048975788882,0.013358867040618847
0,0.9440109424035702,0.05255007901545973,0.0034389785809699654
0,0.9253232159477739,0.06634080555615963,0.008335978496066408
0,0.9203727208982689,0.07129130060566459,0.008335978496066408
1,0.9451823774114548,0.05137864400757508,0.0034389785809699654
0,0.911436235380493,0.0752048975788882,0.013358867040618847
0,0.9451823774114548,0.05137864400757508,0.0034389785809699654
0,0.9203727208982689,0.07129130060566459,0.008335978496066408
0,0.9278486592456486,0.06726268548941065,0.004888655264940893
0,0.911436235380493,0.0752048975788882,0.013358867040618847
0,0.9440109424035702,0.05255007901545973,0.0034389785809699654
0,0.911436235380493,0.0752048975788882,0.013358867040618847
0,0.9440109424035702,0.05255007901545973,0.0034389785809699654
0,0.911436235380493,0.0752048975788882,0.013358867040618847
0,0.9201410018968412,0.07344353346821748,0.00641546463494142
0,0.9345444750994679,0.06092494728984156,0.004530577610690522
0,0.9203727208982689,0.07129130060566459,0.008335978496066408
0,0.9118587526004712,0.0796771966338447,0.008464050765684163
0,0.911436235380493,0.0752048975788882,0.013358867040618847
0,0.7794887041721275,0.17251675867663013,0.04799453715124248
0,0.4554317240624813,0.19029098024225125,0.3542772956952673
1,0.7543446105949216,0.14864397910825772,0.09701141029682064
2,0.43916109501366024,0.22389796767242892,0.3369409373139108
1,0.7544921876119348,0.17306370957015413,0.07244410281791157
2,0.7746342132024236,0.1710954060052897,0.05427038079228715
2,0.6338773971126912,0.1074876104287869,0.25863499245852184
0,0.4340558606355108,0.1615555230140468,0.40438861635044254
2,0.7267345399698341,0.13963046757164405,0.13363499245852187
0,0.3451693563704055,0.16888886023729327,0.4859417833923012
0,0.3887050123348119,0.22577278678175403,0.38552220088343425
0,0.3739134879106111,0.29148757492437466,0.3345989371650143
1,0.3662269479580395,0.31399007953690283,0.3197829725050576
0,0.5367345399698341,0.30963046757164403,0.15363499245852186
2,0.47595300336984386,0.16847049839371575,0.3555764982364405
2,0.44524652457750824,0.1886573216977238,0.3660961537247679
0,0.7071285356922877,0.1490413120912502,0.14383015221646195
0,0.7158082572212842,0.12543071539610418,0.15876102738261147
0,0.7765178943327894,0.10012357146985851,0.12335853419735213
0,0.6452595109338294,0.12130874864016902,0.23343174042600154
1,0.7836455564399238,0.11498727106859769,0.10136717249147821
0,0.7589580284324062,0.12368205760377568,0.11735991396381812
0,0.608813561085091,0.19352110732243444,0.1976653315924746
0,0.6452595109338294,0.10345160578302616,0.25128888328314436
0,0.7232170686653504,0.14676458745269996,0.1300183438819494
0,0.6452595109338294,0.12130874864016902,0.23343174042600154
0,0.8540180349641198,0.07984213744686479,0.06613982758901547
0,0.82310439150259,0.11426408865442358,0.06263151984298652
0,0.8618406552388536,0.1011688505591855,0.03699049420196088
0,0.8540484488532893,0.10815218582996358,0.03779936531674664
0,0.7977659421229918,0.15302990453872542,0.04920415333828315
0,0.8618406552388536,0.1011688505591855,0.03699049420196088
1,0.8848088531187124,0.0835010060362173,0.03169014084507042
1,0.885008007281337,0.09701033862104477,0.017981654097618264
0,0.8892789525907931,0.09941671276708842,0.011304334642118262
0,0.8892789525907931,0.09941671276708842,0.011304334642118262
0,0.8017796077364742,0.1489744830192293,0.049245909244296886
0,0.8588506641818203,0.10960186397137105,0.03154747184680804
0,0.7887116375550792,0.13168650021288372,0.07960186223203745
0,0.7359407089362506,0.12798581027794956,0.13607348078579978
0,0.8797151684919081,0.09616806046423249,0.02411677104385924
0,0.8530208921934089,0.12097447770774807,0.02600463009884359
0,0.8612460001272385,0.10653899757693829,0.03221500229582288
0,0.82310439150259,0.11426408865442358,0.06263151984298652
0,0.8613929360206655,0.10338252028690481,0.03522454369242932
0,0.8172864770456472,0.13502680714150833,0.0476867158128449
2,0.7726957412426366,0.17703064355974393,0.05027361519761969
0,0.6660935599417079,0.22503310400404167,0.10887333605425051
0,0.7357852280936633,0.16334873065951366,0.10086604124682284
1,0.742381034484497,0.16327638876835884,0.09434257674714394
2,0.7666634902585785,0.18439598624137224,0.048940523500049134
0,0.8147608430973108,0.1389080610120677,0.04633109589062154
0,0.8551395390702471,0.11965398936496917,0.025206471564784155
0,0.8853000068765295,0.09336959707453585,0.021330396048934518
0,0.798582475203217,0.1623625799334134,0.03905494486336963
0,0.798582475203217,0.1623625799334134,0.03905494486336963
0,0.808141550681514,0.14808097784977609,0.043777471468710125
0,0.808141550681514,0.14808097784977609,0.043777471468710125
0,0.8615655570009939,0.10637607663891288,0.032058366360093286
0,0.9208932456527785,0.07104824066349315,0.008058513683728386
0,0.4095351876784686,0.22034899263415858,0.37011581968737295
1,0.1507103512795692,0.192109144762872,0.6571805039575588
0,0.5967207605418507,0.17021709485717465,0.23306214460097469
0,0.911436235380493,0.0752048975788882,0.013358867040618847
0,0.8172864770456472,0.13502680714150833,0.0476867158128449
0,0.8686753762097035,0.08468226581458072,0.04664235797571567
2,0.517294286085521,0.25211946279655917,0.23058625111791967
0,0.8848088531187124,0.0835010060362173,0.03169014084507042
1,0.808141550681514,0.14808097784977609,0.043777471468710125
0,0.8099141598193637,0.15078213040861235,0.03930370977202426
0,0.9440109424035702,0.05255007901545973,0.0034389785809699654
0,0.9387209724607568,0.05224025763183902,0.009038769907404329
0,0.34947592512534054,0.16727990583629368,0.48324416903836576
2,0.016135662898252825,0.16373858896076415,0.8201257481409829
0,0.9032442394758377,0.0741778193069003,0.022577941217261963
1,0.016135662898252825,0.16373858896076415,0.8201257481409829
1,0.9337241837557577,0.06168800200242826,0.0045878142418142335
0,0.8208932456527784,0.16390538352063602,0.01520137082658553
1,0.41009006551881194,0.14206613926882528,0.4478437952123627
1,0.8591887840366561,0.10181132328169944,0.038999892681644485
1,0.4317310416640912,0.23604463452060193,0.33222432381530687
0,0.884088958031837,0.09102894270019107,0.02488209926797212
0,0.9117699921725986,0.07587335358677659,0.01235665424062473
0,0.8206937015355095,0.1269302810628621,0.05237601740162852
1,0.15899280575539568,0.35519148590901717,0.4858157083355872
0,0.8368526174676727,0.1201545278709492,0.04299285466137814
0,0.733271143153451,0.1592425060367888,0.10748635080976036
1,0.061782844128974765,0.3040859257671632,0.6341312301038621
0,0.8813401386897629,0.10297830078630811,0.01568156052392908
2,0.07855191256830601,0.19125683060109291,0.730191256830601
0,0.8979759880173694,0.07319959447458463,0.028824417508045822
2,0.3396400919940502,0.31263590569459165,0.34772400231135814
0,0.8836869046653135,0.07318066330715006,0.04313243202753615
0,0.911436235380493,0.0752048975788882,0.013358867040618847
2,0.2334500466853408,0.15893246187363835,0.6076174914410208
0,0.9203727208982689,0.07129130060566459,0.008335978496066408
0,0.9423486343152632,0.053449863810466805,0.004201501874269915
0,0.805903036185322,0.044923207438043136,0.14917375637663494
0,0.1633578575176062,0.2109718440191849,0.6256702984632089
0,0.7032414625458168,0.1754228989525615,0.12133563850162195
2,0.0754783692653488,0.18948255209278653,0.7350390786418646
2,0.27591572009711945,0.31661556634495613,0.40746871355792463
2,0.09094368746008091,0.19577522886949117,0.7132810836704279
1,0.8493155443959056,0.07729214720769934,0.07339230839639502
1,0.16330829255172638,0.4325303685996812,0.4041613388485926
1,0.9277658772758197,0.06427898703191968,0.007955135692260591
0,0.5838067981068148,0.19203539096670855,0.22415781092647677
0,0.8614450814940845,0.12104281464258398,0.01751210386333136
0,0.7347483327893547,0.12668765051573558,0.13856401669490961
1,0.8018812203756466,0.11443682974849863,0.08368194987585478
2,0.23149127801458358,0.3124221120358738,0.45608660994954264
2,0.1352286428291018,0.19007884934009592,0.6746925078308024
0,0.47082778601585024,0.25881314613603895,0.27035906784811065
1,0.8934931234445509,0.08356042495606597,0.022946451599382994
0,0.7551159975105035,0.14817590533885358,0.09670809715064307
0,0.3968246107397085,0.1118890745820117,0.49128631467827977
0,0.11283169618024726,0.2210206777268786,0.6661476260928739
0,0.30929686206325546,0.26512046696472924,0.4255826709720152
0,0.7834855234855422,0.14929721304367904,0.06721726347077885
0,0.8979250477729198,0.08871608518646135,0.013358867040618847
2,0.5169376693766938,0.1792973286875726,0.30376500193573364
1,0.5785821931644313,0.16553370209735677,0.2558841047382121
0,0.6764964763443484,0.31014465661503277,0.013358867040618847
2,0.05555555555555555,0.04793028322440087,0.8965141612200436
1,0.4131944444444444,0.30563492063492065,0.28117063492063493
0,0.5589543910251541,0.21503114678677,0.2260144621880759
0,0.9307807853877713,0.0631056298511155,0.006113584761113359
0,0.8441497471135935,0.13229727750715597,0.023552975379250555
0,0.41294935815018374,0.18066176399975878,0.4063888778500575
0,0.7288631680753069,0.16254541110512602,0.1085914208195671
1,0.6097105431219005,0.3018607777755002,0.08842867910259922
0,0.881942105660239,0.10293230934952839,0.015125584990232598
0,0.8306364637584046,0.12545762665001423,0.04390590959158118
1,0.3752264518893446,0.21296391950044644,0.4118096286102089
2,0.6616508023421807,0.20059894297737135,0.13775025468044794
1,0.04298368398857406,0.14281989938116188,0.8141964166302639
2,0.05459274446757134,0.15302312225462653,0.7923841332778018
1,0.3569551203976308,0.23377219115865003,0.40927268844371945
0,0.10516456453520111,0.19625709728011803,0.6985783381846806
2,0.25638248516191225,0.21999091673946672,0.5236265980986211
0,0.8054106835192418,0.14708578156210952,0.04750353491864864
0,0.6859120506449328,0.2116872743568335,0.10240067499823384
2,0.10667434588253363,0.24056307804056518,0.6527625760769014
2,0.15573074216634647,0.34495848216132735,0.49931077567232646
1,0.6651602582541518,0.19766664227923167,0.13717309946661677
0,0.2935697022152682,0.23003283726272095,0.4763974605220109
0,0.8753518428464269,0.08765766295161234,0.03699049420196088
0,0.8300424950623964,0.11026339425050743,0.0596941106870963
2,0.05241810599187955,0.23171999569430077,0.7158618983138194
2,0.11387733832851939,0.2737852316755136,0.612337429995967
0,0.8282688135399474,0.11818443126885701,0.053546755191195505
2,0.07247067762843956,0.20392604330366138,0.7236032790678995
1,0.1314753423728645,0.2061667476001067,0.6623579100270286
0,0.7787708403009065,0.11278484687808929,0.10844431282100364
2,0.1438100513695204,0.23147537899459894,0.6247145696358808
0,0.911436235380493,0.0752048975788882,0.013358867040618847
0,0.7589580284324062,0.12368205760377568,0.11735991396381812
0,0.542616690403043,0.3091618182173386,0.14822149137961801
0,0.8569948246833561,0.1017436479618299,0.04126152735481422
2,0.1453356414310006,0.18126565612943915,0.6733987024395601
2,0.09890595659397076,0.2071424676300604,0.6939515757759688
0,0.1359600858330356,0.19788213909062943,0.6661577750763349
0,0.25184869648434194,0.2844740197073804,0.4636772838082779
