target,prediction_-1,prediction_0,prediction_1
2,0.4292224463563713,0.2856054995846132,0.2851720540590154
0,0.2426325231274721,0.2430391475468218,0.5143283293257064
1,0.14862157304143386,0.48834671215458053,0.3630317148039856
1,0.11314114255926966,0.6016435460127808,0.28521531142794954
2,0.17397875049830183,0.33736659153520654,0.4886546579664917
2,0.1612602388995643,0.4392363657791261,0.39950339532130946
1,0.15508739939339147,0.5466437731865335,0.298268827420075
1,0.19148142593988074,0.41249640634494894,0.39602216771517057
2,0.19148142593988074,0.41249640634494894,0.39602216771517057
2,0.15508739939339147,0.5466437731865335,0.298268827420075
2,0.1612602388995643,0.4392363657791261,0.39950339532130946
2,0.165231609331104,0.36329874969243037,0.4714696409764656
0,0.8901339376189895,0.07221258409059408,0.03765347829041635
0,0.8838365414328794,0.07848358116141176,0.037679877405709
0,0.9088365414328794,0.07419065186848246,0.0169728066986383
0,0.9046882566297512,0.06460599344588615,0.0307057499243627
2,0.16700438237330012,0.28745377914940745,0.545541838477293
1,0.12751005533611032,0.17597560853650288,0.6965143361273869
0,0.1125159862191271,0.16007525985539967,0.7274087539254733
1,0.11335941900801781,0.15162305036865714,0.7350175306233251
2,0.09291332628468478,0.1492935743265855,0.7577930993887299
2,0.136778284745727,0.16929056680730462,0.6939311484469683
2,0.09591357972672716,0.10135818724415756,0.8027282330291153
2,0.09650437216844455,0.1405868202833716,0.7629088075481838
1,0.07288298937393495,0.2930202806009967,0.6340967300250683
2,0.3664552955727762,0.281370140466619,0.352174563960605
2,0.09591357972672716,0.10135818724415756,0.8027282330291153
2,0.11458421676507698,0.0901047076637923,0.7953110755711305
2,0.0733504514034757,0.1086666495609078,0.8179828990356165
0,0.05766486179540029,0.0888938716650093,0.8534412665395905
2,0.1959669019176202,0.24720942835018103,0.5568236697321988
2,0.1045896284757754,0.3453450422831606,0.5500653292410641
2,0.2607924438883599,0.32589837424752394,0.41330918186411614
1,0.12520096665595415,0.15225924855070658,0.7225397847933397
1,0.11811283552614021,0.16555438047645785,0.716332783997402
1,0.13295828464948065,0.22492249466040265,0.6421192206901166
0,0.11840992405852285,0.13881641256201935,0.7427736633794578
0,0.13295828464948065,0.22492249466040265,0.6421192206901166
2,0.16671829236660485,0.23422419367553377,0.5990575139578614
2,0.17037130434659767,0.281048566677087,0.5485801289763153
2,0.12915732668829205,0.2352387894785083,0.6356038838331995
2,0.1610185910362096,0.16591580565141117,0.6730656033123793
2,0.16718766880026348,0.1851568092387605,0.6476555219609761
2,0.08624799143303527,0.14872851310711221,0.7650234954598525
1,0.11840992405852285,0.13881641256201935,0.7427736633794578
2,0.09340992405852287,0.14310934185494864,0.7634807340865286
0,0.9525664025783533,0.03701253820721709,0.010421059214429505
0,0.9170443864343849,0.057666786464439526,0.025288827101175623
0,0.9342897766873897,0.055468525649565545,0.010241697663044521
0,0.9525664025783533,0.03701253820721709,0.010421059214429505
0,0.9326718484637654,0.05722491597319744,0.010103235563037136
0,0.9497073589270735,0.04500704086668962,0.005285600206237
0,0.9497073589270735,0.04500704086668962,0.005285600206237
0,0.9525664025783533,0.03701253820721709,0.010421059214429505
0,0.9421007216404754,0.05025215436177989,0.007647123997744208
0,0.9333308188017588,0.05620726557781524,0.010461915620425945
0,0.9460738546768127,0.04748181986440489,0.0064443254587827565
0,0.9419086541381836,0.05053590929192279,0.007555436569893867
2,0.10771062137733421,0.11459922863573481,0.777690149986931
2,0.0850611625574006,0.15388620613178566,0.7610526313108136
2,0.08140805153075759,0.09833789680562294,0.8202540516636195
1,0.03439770194169396,0.066672240639058,0.898930057419248
2,0.050045225773361034,0.06539346826054138,0.8845613059660977
2,0.08641577012262877,0.06639512617709292,0.8471891037002784
2,0.043811108984625646,0.15216940834431517,0.8040194826710593
2,0.10902414506315421,0.1855833983486324,0.7053924565882135
0,0.9411898881724287,0.053524511621334474,0.005285600206237
0,0.9299068136682243,0.059139655940662596,0.010953530391113294
0,0.9411898881724287,0.053524511621334474,0.005285600206237
0,0.9396677261066656,0.05276871845337082,0.007563555439963165
0,0.9307584681879298,0.058259936759977995,0.010981595052092188
0,0.9525664025783533,0.03701253820721709,0.010421059214429505
0,0.9259359636244978,0.06407303823188133,0.009990998143620582
0,0.7858330238869928,0.20952520155059584,0.004641774562411356
1,0.9212574187122282,0.07122455586640017,0.007518025421371608
0,0.924110221086046,0.06057117136134722,0.015318607552607114
0,0.8972297207861719,0.08372043448168531,0.01904984473214256
0,0.8600206170974733,0.11135399206821105,0.02862539083431574
1,0.9320123096040764,0.05733116257786018,0.010656527818063612
0,0.813787287798543,0.15192047461559122,0.03429223758586545
0,0.8956316896972034,0.08537828491623013,0.0189900253865662
0,0.813787287798543,0.15192047461559122,0.03429223758586545
0,0.8956316896972034,0.08537828491623013,0.0189900253865662
0,0.6062287476847371,0.25989264685562025,0.1338786054596426
0,0.5835541458869831,0.32715251545792406,0.08929333865509283
2,0.5973502839157688,0.31391943138339024,0.08873028470084116
1,0.45132037840586714,0.37542929308919054,0.1732503285049423
0,0.9460738546768127,0.04748181986440489,0.0064443254587827565
0,0.9419086541381836,0.05053590929192279,0.007555436569893867
0,0.9525664025783533,0.03701253820721709,0.010421059214429505
0,0.8338131240814369,0.1470173420395003,0.019169533879062915
0,0.8963747524934352,0.08013223135661583,0.023493016149948844
1,0.9082913918821963,0.0736110272408162,0.01809758087698742
0,0.8357810266561633,0.13341751535114074,0.030801457992695836
0,0.8479295498206167,0.13291851597526352,0.019151934204119817
0,0.9317090400254892,0.060561173347547737,0.007729786626963147
0,0.8713650935293827,0.11248340806474554,0.016151498405871885
1,0.9117720845905812,0.07335869477402845,0.014869220635390404
0,0.9117720845905812,0.07335869477402845,0.014869220635390404
0,0.9152694639445124,0.0656599512660209,0.019070584789466737
0,0.935197479110996,0.05953649495063478,0.005266025938369243
0,0.8693236574769916,0.11290100763954335,0.017775334883465194
0,0.8966911601710921,0.09185102601788361,0.011457813811024183
0,0.9152694639445124,0.0656599512660209,0.019070584789466737
0,0.8983921526788519,0.09229829762223547,0.009309549698912635
0,0.9288628445591696,0.04733843826365683,0.023798717177173592
0,0.8170242186687213,0.13171351981432847,0.05126226151695041
0,0.9525664025783533,0.03701253820721709,0.010421059214429505
0,0.9525664025783533,0.03701253820721709,0.010421059214429505
0,0.9460738546768127,0.04748181986440489,0.0064443254587827565
0,0.9450266239598571,0.048529050581360374,0.0064443254587827565
2,0.04125730412932096,0.10664090770925273,0.8521017881614262
2,0.03417265823749672,0.10449730027125881,0.8613300414912445
2,0.023648806521618663,0.042608377358560275,0.933742816119821
2,0.038435365806483435,0.08867179033309092,0.8728928438604258
2,0.04699609842686007,0.10703316160998494,0.8459707399631549
2,0.043920126476569295,0.07549148055305009,0.8805883929703804
2,0.02371551775330205,0.06047118435470716,0.9158132978919907
2,0.04189037221888062,0.1851889782346438,0.7729206495464754
2,0.042359740419701156,0.10404728240705353,0.8535929771732453
2,0.04189037221888062,0.1851889782346438,0.7729206495464754
2,0.02371551775330205,0.06047118435470716,0.9158132978919907
2,0.04314209299729321,0.09270998683340154,0.8641479201693051
2,0.06223858073100371,0.1068378305260548,0.830923588742941
2,0.050464488946717685,0.08386728911281909,0.8656682219404632
2,0.05006105993553855,0.11765905501389344,0.832279885050568
2,0.046100263097657336,0.0513039566471853,0.9025957802551574
2,0.052759629239140904,0.3784934849457217,0.5687468858151375
2,0.09469199605490014,0.20220225701048472,0.7031057469346151
2,0.05885778648261897,0.14518066478868924,0.795961548728692
2,0.05759485851887895,0.08835077209107987,0.854054369390041
2,0.05941363469932191,0.14671348700105022,0.793872878299628
2,0.058694753594677636,0.08915036686657826,0.8521548795387438
2,0.05597068052569301,0.07637953379332757,0.8676497856809793
2,0.0598621593395479,0.14749442883917419,0.7926434118212782
2,0.14745611229554012,0.24693707972897017,0.6056068079754898
2,0.1366439338608315,0.3515313180740859,0.5118247480650826
2,0.04218224289779697,0.05928938597505278,0.8985283711271502
1,0.04916877488432896,0.10255961688830428,0.8482716082273668
2,0.07510235149783984,0.19083756377204053,0.73406008473012
2,0.07210299699997692,0.17909066231010207,0.7488063406899214
0,0.036663797800095516,0.17764093777752643,0.7856952644223781
2,0.15898138922394864,0.33569291221279796,0.5053256985632534
0,0.0238802530991387,0.12084051361388817,0.855279233286973
2,0.04689604761160169,0.07627503190806713,0.8768289204803312
2,0.12542196279624304,0.1412340252049147,0.7333440119988421
2,0.06634392955134324,0.296551259291016,0.6371048111576407
1,0.11222842023890495,0.13675742760412202,0.751014152156973
0,0.04049080304302198,0.19114330255466996,0.768365894402308
2,0.03882537932403647,0.3046614387049848,0.6565131819709789
1,0.07610411810006891,0.2701654417987971,0.6537304401011341
2,0.04125730412932096,0.10664090770925273,0.8521017881614262
2,0.03535210698005878,0.09193777332718653,0.8727101196927546
2,0.039538364054216506,0.1057555533992409,0.8547060825465426
2,0.03875785789927134,0.09899319197229886,0.8622489501284297
2,0.026541565434475858,0.07187091939748168,0.9015875151680421
2,0.03242110477309872,0.10847692297091552,0.8591019722559858
1,0.061984235491759285,0.13173501146002575,0.8062807530482152
1,0.04419550791761489,0.13070770428331605,0.825096787799069
2,0.05072992386027541,0.24014053823618284,0.7091295379035418
2,0.05517471031196832,0.13369174430078126,0.8111335453872508
2,0.05572802528344186,0.13037185447194,0.8139001202446184
2,0.08062482892864703,0.22317772140052433,0.6961974496708286
2,0.02684597943752,0.0615320349852693,0.9116219855772104
2,0.02371551775330205,0.06047118435470716,0.9158132978919907
2,0.05476074878470125,0.2498100676140077,0.6954291836012912
1,0.027686050024998667,0.06204988323610215,0.910264066738899
2,0.03933633982555125,0.15269503098709195,0.807968629187357
2,0.05037325848603423,0.16953084746056343,0.7800958940534022
2,0.0521822166480481,0.3366658869539035,0.6111518963980486
2,0.027980388684839645,0.10143639198658147,0.870583219328579
1,0.05325124279794349,0.4759365794828548,0.4708121777192018
2,0.066384111724359,0.3768827298444125,0.5567331584312287
1,0.06803273034988364,0.3398331481405399,0.5921341215095766
1,0.07392692258384603,0.46506123276494077,0.4610118446512133
2,0.05325124279794349,0.4759365794828548,0.4708121777192018
2,0.05325124279794349,0.4759365794828548,0.4708121777192018
0,0.59020005209453,0.14340757000913948,0.26639237789633047
0,0.5933643998101032,0.20848749686592044,0.19814810332397642
2,0.16686977509291792,0.23848087450192074,0.5946493504051616
2,0.24277501464435344,0.2082092459112703,0.5490157394443764
1,0.15276356775610314,0.1341498902208594,0.7130865420230377
2,0.24453002490320286,0.22254991991652406,0.5329200551802731
1,0.17252464558107294,0.2837906222826283,0.5436847321362992
0,0.2455445565032449,0.19950595551201888,0.5549494879847361
2,0.23757430780967512,0.2897138826054925,0.47271180958483244
0,0.26515162808700093,0.34553427124216346,0.38931410067083555
1,0.7599423780113121,0.111458822170765,0.1285987998179226
0,0.6565692568601782,0.25609265795491337,0.08733808518490843
0,0.5436472010141972,0.37732106968450363,0.07903172930129904
1,0.7243514429276002,0.09907033031400592,0.1765782267583938
0,0.6799989235162663,0.20647815698084973,0.1135229195028838
0,0.6423386046177199,0.15903896562242548,0.1986224297598546
0,0.5985787711351295,0.18151149685479714,0.21990973201007333
0,0.5554524371339242,0.20601015712159784,0.2385374057444778
2,0.2772862270697257,0.1825637532455605,0.5401500196847137
2,0.18426535030116936,0.23423659018827753,0.5814980595105534
2,0.21639237743368606,0.18940526499773302,0.5942023575685809
2,0.2514029295254398,0.10145312713771705,0.6471439433368432
2,0.16802308747203587,0.1909429730217424,0.6410339395062219
2,0.20619093570331,0.19386307879367784,0.599945985503012
0,0.4410549734685448,0.11236909050895337,0.44657593602250195
2,0.6197542098582858,0.11745540954529723,0.2627903805964169
0,0.6256646241363901,0.13643745393304335,0.2378979219305664
0,0.36718938096010983,0.09193089842492363,0.5408797206149665
2,0.6301379956948384,0.14271766321185791,0.22714434109330353
0,0.6301379956948384,0.14271766321185791,0.22714434109330353
2,0.19537659749822536,0.22929888605334095,0.5753245164484337
2,0.1881841868101001,0.23129392501189122,0.580521888178009
0,0.2535439015992523,0.3450419872703007,0.40141411113044706
2,0.28326145184689094,0.3151641645063521,0.40157438364675707
1,0.5536876280009886,0.13021679050996032,0.31609558148905104
2,0.428904632759118,0.21903873277272215,0.35205663446815993
1,0.29617907543924377,0.2426903456269926,0.4611305789337634
2,0.24026354650778228,0.24066483534178443,0.5190716181504333
2,0.14420667431377007,0.30621213735041763,0.5495811883358124
1,0.1950031749987163,0.1804717442959872,0.6245250807052966
2,0.11921271958937252,0.207735841414769,0.6730514389958586
2,0.15260248577465765,0.2507688867546164,0.5966286274707266
0,0.3030778234471647,0.2551011305954287,0.4418210459574063
1,0.2590142415593316,0.2173859967890981,0.5235997616515701
2,0.47633951500217836,0.25462435118646853,0.26903613381135344
2,0.18668304421991322,0.4191005702699785,0.3942163855101083
0,0.2971169194613974,0.29616184705841103,0.40672123348019157
1,0.216477435157715,0.38059079551989367,0.4029317693223914
2,0.4367041682511854,0.25396331371390357,0.30933251803491096
0,0.3719993167967922,0.2465995862598596,0.38140109694334834
1,0.22289554735652306,0.15235097831343292,0.6247534743300447
2,0.15249299718857118,0.419897752898271,0.4276092499131579
2,0.2748251406430193,0.19924431196165188,0.5259305473953289
0,0.31082769856649406,0.24268753061777706,0.44648477081572874
2,0.21984933814660243,0.4053960906611903,0.37475457119220745
0,0.20920807736121638,0.360779531146861,0.4300123914919227
1,0.48205359622461685,0.1714391720658656,0.3465072317095176
1,0.4994317837453482,0.1654514566031759,0.33511675965147586
1,0.15391806379233114,0.4395243883970487,0.4065575478106202
1,0.1454014347352681,0.49290776784277646,0.36169079742195537
1,0.19695879313162912,0.42227814263052127,0.3807630642378497
2,0.2162305872239381,0.3784217103271674,0.40534770244889423
1,0.117800821807509,0.2982685163090549,0.5839306618834362
2,0.14990598322068213,0.35538894601847876,0.4947050707608393
2,0.14838339383186208,0.4781122458767341,0.37350436029140366
1,0.06495275995427226,0.16927876926274374,0.765768470782984
0,0.8027008307178347,0.1726176176176044,0.024681551664560947
0,0.9271410467069634,0.06288608774893302,0.009972865544103714
0,0.9336271083485056,0.05711268411797288,0.009260207533521182
0,0.8453237815375068,0.13555022235348788,0.01912599610900539
0,0.9336271083485056,0.05711268411797288,0.009260207533521182
0,0.9152627540943147,0.07363095097969723,0.011106294925988233
0,0.9175209035155394,0.0715659967680951,0.01091309971636549
1,0.9497073589270735,0.04500704086668962,0.005285600206237
0,0.9146094284023136,0.06779436533084336,0.01759620626684306
0,0.9173872989560846,0.0772258862627796,0.005386814781135785
0,0.9590675447721144,0.03212170197158813,0.008810753256297462
0,0.6712226840115523,0.3168696366171706,0.011907679371277045
0,0.8875835289378785,0.09943880370750859,0.012977667354612674
1,0.9416364659436165,0.04966846936081197,0.00869506469557172
0,0.8725399324206706,0.11128647962307356,0.016173587956255966
0,0.9181861353892642,0.07220383348270501,0.009610031128031004
0,0.912171578154586,0.07575707749849987,0.012071344346914065
0,0.9386105609881703,0.05600262423069404,0.005386814781135785
0,0.9080021919617617,0.07867239351448779,0.013325414523750516
0,0.9590675447721144,0.03212170197158813,0.008810753256297462
1,0.9368421847646545,0.0575611621826357,0.005596653052709997
0,0.9225654531124914,0.06576882034938529,0.011665726538123299
0,0.797820462687127,0.16071635668549047,0.0414631806273823
0,0.8690242265372117,0.10546982299198984,0.02550595047079842
0,0.8507645664813372,0.13109173579570615,0.018143697722956213
1,0.791378422840276,0.17585453932541495,0.03276703783430895
0,0.7481331228690765,0.22176807187968237,0.030098805251241305
1,0.8027008307178347,0.1726176176176044,0.024681551664560947
0,0.8213727606050685,0.13600184991906608,0.04262538947586561
0,0.7958737932706421,0.1726545316080068,0.031471675121351066
1,0.5961043106101717,0.22063356109868587,0.1832621282911424
0,0.21280320080020004,0.4332986244797531,0.35389817472004687
1,0.35698924731182796,0.30778259765558674,0.3352281550325853
2,0.4893235110769936,0.31534740865856487,0.19532908026444118
0,0.9090858557001349,0.07935006730655449,0.011564076993310387
0,0.762208423497898,0.19807902683140577,0.03971254967069642
1,0.9090858557001349,0.07935006730655449,0.011564076993310387
0,0.8667737957354468,0.11507305881191496,0.018153145452637947
0,0.9090858557001349,0.07935006730655449,0.011564076993310387
0,0.8696083582835776,0.11133247399634995,0.01905916772007227
1,0.7997579209162596,0.1512930906735537,0.0489489884101864
0,0.7696982317188805,0.18049296311677382,0.04980880516434555
0,0.45058868126693913,0.3956059073068718,0.15380541142618917
1,0.48604569398786296,0.3834815409414089,0.13047276507072805
0,0.48604569398786296,0.3834815409414089,0.13047276507072805
1,0.5811565165128155,0.31399318522345854,0.10485029826372586
0,0.8564062761180448,0.12617868730293313,0.01741503657902232
0,0.8549705708843599,0.11997460270036342,0.02505482641527701
0,0.9027744926549133,0.08350408689429357,0.01372142045079345
0,0.937206367210049,0.055733682380525194,0.007059950409425571
0,0.9389186959771724,0.05402135361340191,0.007059950409425571
0,0.9373631816973766,0.05515504166864702,0.007481776633976112
0,0.9360325619403624,0.05824241579323901,0.005725022266398619
0,0.9360325619403624,0.05824241579323901,0.005725022266398619
0,0.9549736477034833,0.031047640383888457,0.013978711912628212
0,0.8705962730790736,0.11080543982717807,0.018598287093748465
0,0.9549736477034833,0.031047640383888457,0.013978711912628212
0,0.9549736477034833,0.031047640383888457,0.013978711912628212
0,0.9358743682257051,0.05384129245106554,0.01028433932322921
0,0.9360325619403624,0.05824241579323901,0.005725022266398619
0,0.9387371584138192,0.05378106495220455,0.007481776633976112
0,0.9402377978684445,0.05245397659849393,0.00730822553306123
0,0.8963067961348624,0.07814984317574944,0.025543360689388207
0,0.921698683476929,0.05822764497911532,0.02007367154395554
0,0.8595135896068852,0.10003493848489373,0.04045147190822104
0,0.8582645345692425,0.12056335844342105,0.02117210698733672
1,0.8736919410310441,0.09453771228293695,0.031770346686018774
0,0.7129092836618409,0.15979601699711407,0.1272946993410449
1,0.8957195880526709,0.06389447122254008,0.04038594072478897
0,0.6294906807266554,0.21154264240628426,0.1589666768670606
1,0.2874949697709138,0.1624541366263753,0.5500508936027108
2,0.29843967415909295,0.28225510958019384,0.419305216260713
1,0.19245960776029195,0.21507490023719236,0.5924654920025151
2,0.32521719166778423,0.29391460567839434,0.3808682026538215
2,0.30913108075158546,0.26730368524577613,0.42356523400263824
2,0.2595591906914855,0.36519803568309733,0.37524277362541714
1,0.2891523130844696,0.24148431139286924,0.4693633755226611
2,0.3289968831238303,0.35531241476806463,0.31569070210810496
0,0.344020610471203,0.29562400738779604,0.36035538214100105
1,0.2958988360616597,0.24247095846197986,0.4616302054763602
0,0.35190052592584653,0.3025007003023906,0.34559877377176274
1,0.32952926424001283,0.266000889017605,0.4044698467423822
0,0.3745916222397207,0.25121124408455625,0.37419713367572305
0,0.3556275537371776,0.33555929193374706,0.30881315432907536
0,0.42640699930121445,0.34268062082763295,0.23091237987115262
1,0.5004374264801741,0.2921196731330203,0.20744290038680566
2,0.3282757078602809,0.2554762509799478,0.4162480411597714
2,0.34286511344842147,0.3234484307351666,0.333686455816412
1,0.2731512528491584,0.3497167605948649,0.37713198655597674
1,0.28484649382582206,0.3301822957466035,0.3849712104275745
0,0.26662407860122617,0.24609214490529605,0.4872837764934773
2,0.3558341481468097,0.26536748093178875,0.3787983709214017
0,0.464736934922181,0.28802509073751636,0.24723797434030279
1,0.8485407884905913,0.10635578922079521,0.04510342228861346
2,0.27096124483939504,0.22626748738874009,0.5027712677718648
2,0.2297868476441103,0.3051025500526394,0.46511060230325013
2,0.17612622677731524,0.20991275202224202,0.6139610212004427
2,0.17183046023139495,0.3095855576105133,0.5185839821580918
2,0.060855511950267234,0.14416975900024984,0.7949747290494831
2,0.0686031661171998,0.17456078852695436,0.7568360453558457
1,0.17635564180706076,0.2634280418212934,0.5602163163716458
2,0.1804640809102554,0.3060176163302434,0.513518302759501
2,0.031566129080162764,0.14568782954646853,0.8227460413733687
2,0.0676601331327131,0.18817581952803195,0.744164047339255
2,0.0655432404012634,0.1527293531875637,0.7817274064111729
2,0.0951385190638638,0.18726918154598451,0.7175922993901517
1,0.06979123766457286,0.15042792918944262,0.7797808331459846
2,0.0951385190638638,0.18726918154598451,0.7175922993901517
2,0.1926346079331228,0.15705057603866887,0.6503148160282085
2,0.1778095876174808,0.24959195651593735,0.5725984558665819
2,0.06712732577305913,0.12457268598311408,0.8082999882438269
2,0.14452461563656513,0.1674996941002082,0.6879756902632265
2,0.09019451812555261,0.09784899259609722,0.8119564892783501
2,0.09019451812555261,0.09784899259609722,0.8119564892783501
0,0.7683940252344001,0.20146937571681914,0.03013659904878078
0,0.7901371448000049,0.19087934749271943,0.01898350770727588
0,0.8327227599885079,0.14667078840023462,0.020606451611257667
1,0.8910102494556144,0.07291073728806516,0.03607901325632029
0,0.8370150372495203,0.13071886863118556,0.03226609411929425
0,0.8604224748400955,0.11320608722295966,0.02637143793694485
0,0.924706567188823,0.06952291876945842,0.005770514041718611
0,0.9137821828810687,0.07673377347414786,0.009484043644783337
0,0.9269951588356784,0.06588179797065581,0.007123043193666099
0,0.924706567188823,0.06952291876945842,0.005770514041718611
0,0.9417262078474565,0.05017044641805453,0.00810334573448879
0,0.9567270586443557,0.03489963341868184,0.008373307936962377
0,0.9224821158457075,0.06826846427354455,0.009249419880747806
0,0.9326012940181839,0.060215349674607684,0.007183356307208694
0,0.9226109702390286,0.06720324941362528,0.010185780347346084
0,0.9417262078474565,0.05017044641805453,0.00810334573448879
0,0.8697383697819653,0.12711025452730346,0.003151375690731393
0,0.8335436410247408,0.13297565166624245,0.03348070730901706
0,0.8563355057982803,0.10619449409349684,0.037470000108222434
0,0.8335436410247408,0.13297565166624245,0.03348070730901706
0,0.7617383972915099,0.20178840347060994,0.036473199237880005
0,0.8279078679431504,0.1448348547615345,0.02725727729531504
0,0.5809513360128319,0.388943226296248,0.030105437690920243
0,0.5972162570273661,0.28230955134094693,0.12047419163168688
0,0.9393277362583767,0.05252823388360588,0.008144029858017671
1,0.8902977304542694,0.09343930537394789,0.016262964171782447
0,0.9474741180314771,0.04450923890485655,0.00801664306366603
0,0.9516429831115015,0.04366950280666353,0.004687514081835086
0,0.9050674390241764,0.07349917802508885,0.02143338295073465
0,0.9337839475726792,0.058737460746325146,0.007478591680995677
0,0.9321890030512701,0.05585343373138861,0.011957563217341408
0,0.9500706944893038,0.04358930973370805,0.0063399957769882855
0,0.9176873843878425,0.05708001358080801,0.025232602031349353
0,0.9567270586443557,0.03489963341868184,0.008373307936962377
0,0.9500706944893038,0.04358930973370805,0.0063399957769882855
0,0.9516429831115015,0.04366950280666353,0.004687514081835086
0,0.9500706944893038,0.04358930973370805,0.0063399957769882855
0,0.9500706944893038,0.04358930973370805,0.0063399957769882855
0,0.9608890383968868,0.03030020834681583,0.008810753256297462
0,0.9476528489898923,0.046223562054167465,0.0061235889559403895
0,0.9224129882956879,0.06953772645051526,0.00804928525379671
0,0.8729382739594495,0.06124053081249443,0.06582119522805613
0,0.9132449749993516,0.0535580281454927,0.03319699685515561
0,0.8745444416433557,0.05995559666536947,0.06549996169127488
0,0.9500706944893038,0.04358930973370805,0.0063399957769882855
0,0.9419042699705504,0.04940823447425179,0.00868749555519793
0,0.9608890383968868,0.03030020834681583,0.008810753256297462
0,0.9428492570495218,0.048506499990435936,0.00864424296004222
0,0.9608890383968868,0.03030020834681583,0.008810753256297462
0,0.9359540865299522,0.055401670510005614,0.00864424296004222
0,0.9098651432164824,0.0737210168841724,0.01641383989934527
0,0.9282035453947195,0.05706917442436245,0.014727280180917807
0,0.7920733061118155,0.18720770693887656,0.020718986949308058
0,0.7920733061118155,0.18720770693887656,0.020718986949308058
0,0.5959658552343531,0.35572003412965447,0.04831411063599226
1,0.9072033930157397,0.0765761162144192,0.016220490769841205
0,0.9428492570495218,0.048506499990435936,0.00864424296004222
0,0.9513683884096391,0.04233773740666402,0.006293874183696882
0,0.9608890383968868,0.03030020834681583,0.008810753256297462
0,0.9513683884096391,0.04233773740666402,0.006293874183696882
0,0.9608890383968868,0.03030020834681583,0.008810753256297462
0,0.9513683884096391,0.04233773740666402,0.006293874183696882
0,0.9608890383968868,0.03030020834681583,0.008810753256297462
0,0.9608890383968868,0.03030020834681583,0.008810753256297462
0,0.9516429831115015,0.04366950280666353,0.004687514081835086
0,0.9419042699705504,0.04940823447425179,0.00868749555519793
0,0.9516429831115015,0.04366950280666353,0.004687514081835086
0,0.9516429831115015,0.04366950280666353,0.004687514081835086
0,0.8022231200207779,0.1879511114981799,0.009825768481042288
1,0.9608890383968868,0.03030020834681583,0.008810753256297462
0,0.9513683884096391,0.04233773740666402,0.006293874183696882
0,0.9513683884096391,0.04233773740666402,0.006293874183696882
0,0.9608890383968868,0.03030020834681583,0.008810753256297462
0,0.9419042699705504,0.04940823447425179,0.00868749555519793
0,0.9500706944893038,0.04358930973370805,0.0063399957769882855
0,0.9419042699705504,0.04940823447425179,0.00868749555519793
0,0.9368135570787423,0.05553501080106396,0.0076514321201939465
0,0.9306117755131297,0.060155255859580765,0.009232968627289631
0,0.9419042699705504,0.04940823447425179,0.00868749555519793
0,0.9472425192600941,0.045394754826805,0.007362725913100672
0,0.9472425192600941,0.045394754826805,0.007362725913100672
0,0.9516429831115015,0.04366950280666353,0.004687514081835086
0,0.9487107238026875,0.044891072331821276,0.006398203865491351
0,0.9487107238026875,0.044891072331821276,0.006398203865491351
0,0.9516429831115015,0.04366950280666353,0.004687514081835086
0,0.9608890383968868,0.03030020834681583,0.008810753256297462
0,0.9419042699705504,0.04940823447425179,0.00868749555519793
0,0.9398544608235544,0.05133815871076171,0.008807380465683863
0,0.9395494345937766,0.051793204855847055,0.008657360550376329
0,0.9516429831115015,0.04366950280666353,0.004687514081835086
0,0.9608890383968868,0.03030020834681583,0.008810753256297462
0,0.9395494345937766,0.051793204855847055,0.008657360550376329
0,0.9472425192600941,0.045394754826805,0.007362725913100672
0,0.9472425192600941,0.045394754826805,0.007362725913100672
0,0.9516429831115015,0.04366950280666353,0.004687514081835086
0,0.9395494345937766,0.051793204855847055,0.008657360550376329
0,0.9516429831115015,0.04366950280666353,0.004687514081835086
0,0.9457615862723117,0.0468756878145873,0.007362725913100672
0,0.9516429831115015,0.04366950280666353,0.004687514081835086
0,0.9513683884096391,0.04233773740666402,0.006293874183696882
0,0.9608890383968868,0.03030020834681583,0.008810753256297462
0,0.9516429831115015,0.04366950280666353,0.004687514081835086
0,0.9495165365577874,0.04233773740666402,0.008145726035548735
0,0.9500706944893038,0.04358930973370805,0.0063399957769882855
0,0.9526585857219896,0.03853066102171295,0.008810753256297462
0,0.9243562829098053,0.07152423294687883,0.004119484143315973
2,0.9243562829098053,0.07152423294687883,0.004119484143315973
0,0.8966801996215207,0.06393048720936764,0.039389313169111526
0,0.9500706944893038,0.04358930973370805,0.0063399957769882855
0,0.9232641297051585,0.04916687468903219,0.027568995605809055
0,0.9456438948346279,0.047076947810052214,0.0072791573553196275
0,0.9516429831115015,0.04366950280666353,0.004687514081835086
0,0.9441629618468454,0.04855788079783452,0.0072791573553196275
0,0.9526585857219896,0.03853066102171295,0.008810753256297462
0,0.9526585857219896,0.03853066102171295,0.008810753256297462
0,0.9351967488919971,0.05711403749139754,0.007689213616605424
1,0.9516429831115015,0.04366950280666353,0.004687514081835086
1,0.9526585857219896,0.03853066102171295,0.008810753256297462
0,0.9516429831115015,0.04366950280666353,0.004687514081835086
0,0.9174793142113777,0.07475033449232352,0.007770351296298725
0,0.9174793142113777,0.07475033449232352,0.007770351296298725
1,0.9516429831115015,0.04366950280666353,0.004687514081835086
0,0.9318012231691254,0.062079296162043586,0.0061194806688311025
0,0.9516429831115015,0.04366950280666353,0.004687514081835086
0,0.928957544277627,0.06317528266826955,0.007867173054103716
0,0.9441629618468454,0.04855788079783452,0.0072791573553196275
0,0.9526585857219896,0.03853066102171295,0.008810753256297462
0,0.9516429831115015,0.04366950280666353,0.004687514081835086
0,0.9318012231691254,0.062079296162043586,0.0061194806688311025
0,0.9516429831115015,0.04366950280666353,0.004687514081835086
0,0.9526585857219896,0.03853066102171295,0.008810753256297462
0,0.9213745396563257,0.0686867021460706,0.009938758197603677
0,0.902074916105335,0.08702504527732415,0.010900038617340986
0,0.9013456806624079,0.09158758563953524,0.007066733698056713
0,0.9191319747226828,0.07088601448455774,0.009982010792759385
0,0.9318012231691254,0.062079296162043586,0.0061194806688311025
0,0.6923983530140293,0.23472306714048186,0.07287857984548882
0,0.39228088957147994,0.2652840852282317,0.34243502520028835
1,0.6235888332227655,0.29951231242098764,0.07689885435624694
2,0.4040153485927386,0.2691911537074577,0.3267934976998037
1,0.6806866266512022,0.25891327943744114,0.0604000939113564
2,0.6865480362185105,0.25058341728093353,0.0628685465005559
2,0.5366848884579096,0.16578707938918233,0.2975280321529081
0,0.4587132645128698,0.22376791278881122,0.3175188226983187
2,0.5764435069743272,0.28031408512435596,0.1432424079013167
0,0.36076756101405744,0.27000744834054524,0.3692249906453975
0,0.41006115463283216,0.2631013971320431,0.3268374482351246
0,0.3863176636966675,0.2980081067130001,0.3156742295903325
1,0.3911009322611252,0.3415517246703186,0.2673473430685562
0,0.4157833546186731,0.41646012286208917,0.16775652251923756
2,0.42958206873675847,0.2221955589975169,0.3482223722657244
2,0.4234325249188718,0.22298794730546942,0.35357952777565876
0,0.7006373594314782,0.14478541739113845,0.15457722317738298
0,0.7951677163152123,0.11580052079128854,0.08903176289349922
0,0.7245447212587304,0.12703912981041582,0.14841614893085364
0,0.6343011210160969,0.11796614598546966,0.24773273299843346
1,0.7951677163152123,0.11580052079128854,0.08903176289349922
0,0.7060497448768973,0.13660599428361372,0.1573442608394886
0,0.6046352764336836,0.2223527622803702,0.173011961285946
0,0.5557877563801809,0.21347441144937523,0.23073783217044389
0,0.6654666405793443,0.19326629119846256,0.14126706822219323
0,0.6343011210160969,0.11796614598546966,0.24773273299843346
0,0.812159168702166,0.09496429229714423,0.09287653900068997
0,0.8757897313582954,0.06028140514918681,0.06392886349251793
0,0.9525664025783533,0.03701253820721709,0.010421059214429505
0,0.8763561934121328,0.09024448367173499,0.0333993229161322
0,0.7561168364345292,0.17922875188311463,0.06465441168235612
0,0.9525664025783533,0.03701253820721709,0.010421059214429505
1,0.88439632423606,0.08835063077528928,0.027253044988650846
1,0.9077093358764389,0.07359725564070797,0.01869340848285327
0,0.8659120397999579,0.11686842466689314,0.017219535533148964
0,0.8659120397999579,0.11686842466689314,0.017219535533148964
0,0.7561168364345292,0.17922875188311463,0.06465441168235612
0,0.8737653715706323,0.10128735329360847,0.02494727513575918
0,0.7836016559706799,0.08016765198869921,0.1362306920406209
0,0.6514516594740827,0.1303993342460279,0.2181490062798898
0,0.9297703531498523,0.0601950656309263,0.010034581219220996
0,0.939634521014479,0.050124134726177,0.010241344259344136
0,0.9234377958468668,0.06369763241452221,0.012864571738610832
0,0.9525664025783533,0.03701253820721709,0.010421059214429505
0,0.911067737020782,0.06654523605955691,0.022387026919661133
0,0.8608257286234426,0.103680977872181,0.035493293504376355
2,0.7486848915741834,0.2106124357886229,0.040702672637193675
0,0.6021852904446375,0.25909615025462446,0.13871855930073806
0,0.57758978854937,0.20743998355472013,0.2149702278959097
1,0.7866409213627128,0.14199029953871223,0.0713687790985749
2,0.6786063173221489,0.2565859164245715,0.06480776625327926
0,0.7103271313383134,0.23657215299218456,0.05310071566950185
0,0.939634521014479,0.050124134726177,0.010241344259344136
0,0.9287712922994362,0.06119412648134244,0.010034581219220996
0,0.7372591082864337,0.22530768416648875,0.037433207547077366
0,0.7372591082864337,0.22530768416648875,0.037433207547077366
0,0.8297549626645616,0.11413998608123327,0.05610505125420507
0,0.8297549626645616,0.11413998608123327,0.05610505125420507
0,0.8437826191337596,0.09986171000266711,0.056355670863573216
0,0.9263716328780353,0.05625186534319052,0.017376501778774298
0,0.40575741750091765,0.2700798922926917,0.3241626902063907
1,0.09713049807744263,0.23416914509926873,0.6687003568232887
0,0.5337049611135952,0.21386510230887418,0.2524299365775306
0,0.8018902190295036,0.11619244600113501,0.0819173349693615
0,0.8608257286234426,0.103680977872181,0.035493293504376355
0,0.9097194556206432,0.06540912953910046,0.024871414840256303
2,0.4602862711596533,0.2874476782335528,0.2522660506067939
0,0.88439632423606,0.08835063077528928,0.027253044988650846
1,0.7885968726342912,0.1188677144931722,0.09253541287253662
0,0.8218241437723499,0.15293816374288283,0.025237692484767628
0,0.9516429831115015,0.04366950280666353,0.004687514081835086
0,0.8809253034981644,0.09025496266867838,0.028819733833157057
0,0.2253230021760598,0.23325880802962792,0.5414181897943126
2,0.1560817453040509,0.39665128749118495,0.4472669672047641
0,0.8633506234369648,0.10538041348695901,0.031268963076076066
1,0.1344050298288858,0.2593566612785546,0.6062383088925596
1,0.9434419813133199,0.04927886133136011,0.0072791573553196275
0,0.9361268264973766,0.04211131612569025,0.0217618573769331
1,0.577062119659356,0.1340436499481833,0.2888942303924607
1,0.6244160219561182,0.2913064578657637,0.08427752017811808
1,0.34377118412972374,0.3487244397400867,0.3075043761301895
0,0.9161642689921355,0.07919343868412458,0.004642292323739991
0,0.8597535901776053,0.11604233376847085,0.024204076053923995
0,0.7137612842062515,0.20114788992795737,0.08509082586579114
1,0.1643623539090546,0.45163102392729926,0.38400662216364617
0,0.7898081202916826,0.15892638263251793,0.05126549707579925
0,0.7742986546163473,0.17354693370129645,0.05215441168235613
1,0.06795086187314657,0.3334279714224721,0.5986211667043816
0,0.8171584564136555,0.1686357461269057,0.014205797459438875
2,0.14198918810653643,0.37564951583161954,0.48236129606184414
0,0.8563355057982803,0.10619449409349684,0.037470000108222434
2,0.27256451468428516,0.36894422574397084,0.358491259571744
0,0.8033570087347481,0.15605281468384563,0.040590176581405936
0,0.9526585857219896,0.03853066102171295,0.008810753256297462
2,0.08267947971164007,0.28792159725755195,0.629398923030808
0,0.9362247971675483,0.04816382650537358,0.01561137632707844
0,0.9306117755131297,0.060155255859580765,0.009232968627289631
0,0.39224868218031866,0.4165413169991086,0.19121000082057277
0,0.12435439896129814,0.2282198719354734,0.6474257291032284
0,0.734418750688852,0.18738353226744553,0.07819771704370215
2,0.049786698403800206,0.13396410074929785,0.8162492008469021
2,0.3486601165431163,0.3969918496918545,0.25434803376502907
2,0.2410068224611534,0.26604928662351984,0.49294389091532664
1,0.9218791958013683,0.05016626813813394,0.027954536060497602
1,0.14085247961872377,0.528220038721867,0.3309274816594091
1,0.9331726718784038,0.055958056952785086,0.010869271168811074
0,0.5850603311702166,0.21510179495699708,0.19983787387278612
0,0.8328486865615913,0.1466762027614183,0.02047511067699026
0,0.6876162370271116,0.11666705280802314,0.19571671016486533
1,0.75170685395288,0.1261577932498876,0.1221353527972322
2,0.18616772942033674,0.261498098393124,0.5523341721865394
2,0.13455826576950922,0.12380804747024185,0.7416336867602489
0,0.4458228956556418,0.2532867311511553,0.30089037319320294
1,0.8481952605105408,0.10359183221532961,0.04821290727412949
0,0.8457556569439874,0.10589253078604911,0.04835181226996339
0,0.4545576216472128,0.14056390958347564,0.40487846876931144
0,0.08753936423512089,0.3472940703158324,0.5651665654490465
0,0.4367041682511854,0.25396331371390357,0.30933251803491096
0,0.7469095056688096,0.180652795363299,0.07243769896789122
0,0.7396045839392643,0.20707866720172868,0.05331674885900709
2,0.7306822563795558,0.13225815139895786,0.13705959222148645
1,0.5327835737311132,0.25413606089909835,0.21308036536978833
0,0.9526585857219896,0.03853066102171295,0.008810753256297462
2,0.15711046588239572,0.22377468965064715,0.6191148444669572
1,0.7036428417148204,0.20760599402869392,0.0887511642564856
0,0.46222029067559406,0.3674948019128888,0.17028490741151697
0,0.9398544608235544,0.05133815871076171,0.008807380465683863
0,0.8404036032609137,0.14014904594057292,0.019447350798513622
0,0.43126060100633834,0.1824892556332711,0.3862501433603905
0,0.6377539441099894,0.18352130687257426,0.17872474901743635
1,0.5123866993489565,0.4180555909483811,0.06955770970266235
0,0.8680463972577713,0.09461558186391947,0.03733802087830926
0,0.8556684550114311,0.11064608593989343,0.03368545904867559
1,0.24686173097700964,0.26214374410662267,0.49099452491636775
2,0.5702799310913522,0.3210395702439874,0.10868049866466033
1,0.024232217308124228,0.06700582626404047,0.9087619564278352
2,0.0616702292039651,0.0833476889807242,0.8549820818153108
1,0.38692548865523974,0.2339886209342275,0.37908589041053264
0,0.08467430685641499,0.14594133706352486,0.7693843560800602
2,0.23619500437450475,0.25631407218967117,0.5074909234358245
0,0.8128733407398343,0.135460290328828,0.05166636893133775
0,0.6496592329997161,0.24728589323645667,0.10305487376382733
2,0.08468141946554648,0.26799761041307335,0.6473209701213802
2,0.14870464926102345,0.43202285524636025,0.4192724954926164
1,0.49646414229963104,0.34161260302250046,0.1619232546778685
0,0.2985125663970751,0.3022985877749,0.399188845828025
0,0.9012880023223363,0.07732354825149182,0.021388449426171952
0,0.7702375965276869,0.10119671962440685,0.12856568384790615
2,0.05476074878470125,0.25723101134123544,0.6880082398740635
2,0.052759629239140904,0.3784934849457217,0.5687468858151375
0,0.8271701041730886,0.11059455965667953,0.062235336170231886
2,0.055659322513898386,0.18464830391981818,0.7596923735662835
1,0.09672013864325292,0.20630646489460253,0.6969733964621447
0,0.5993668323116513,0.24134852242328306,0.1592846452650655
2,0.08770599538188284,0.17144265212383616,0.7408513524942814
0,0.9484725055097223,0.03593847661951741,0.015589017870760256
0,0.691425562464164,0.141445979251007,0.16712845828482872
0,0.5118329350775294,0.284361038126151,0.20380602679631973
0,0.8625846680493986,0.11943579958264587,0.017979532367955586
2,0.06523945588319346,0.1009997079416043,0.8337608361752018
2,0.06758170323464253,0.1841476364888399,0.7482706602765177
0,0.23433987846260795,0.1996120430982171,0.566048078439175
