target,prediction_-1,prediction_0,prediction_1
2,0.4292224463563713,0.2856054995846132,0.2851720540590154
0,0.2426325231274721,0.24303914754682174,0.5143283293257064
1,0.14862157304143386,0.48834671215458053,0.3630317148039856
1,0.11314114255926966,0.6016435460127808,0.28521531142794954
2,0.17397875049830183,0.3373665915352065,0.4886546579664917
2,0.16126023889956428,0.43923636577912617,0.3995033953213095
1,0.15508739939339147,0.5466437731865336,0.298268827420075
1,0.19148142593988077,0.412496406344949,0.3960221677151705
2,0.19148142593988077,0.412496406344949,0.3960221677151705
2,0.15508739939339147,0.5466437731865336,0.298268827420075
2,0.16126023889956428,0.43923636577912617,0.3995033953213095
2,0.165231609331104,0.3632987496924304,0.47146964097646554
0,0.8901339376189895,0.07221258409059408,0.037653478290416355
0,0.8838365414328794,0.07848358116141176,0.037679877405709016
0,0.9088365414328794,0.07419065186848245,0.016972806698638297
0,0.9046882566297512,0.06460599344588613,0.0307057499243627
2,0.16700438237330006,0.28745377914940745,0.545541838477293
1,0.12751005533611032,0.17597560853650288,0.696514336127387
0,0.11251598621912712,0.16007525985539967,0.7274087539254733
1,0.11335941900801778,0.15162305036865714,0.7350175306233251
2,0.09291332628468478,0.1492935743265855,0.75779309938873
2,0.136778284745727,0.16929056680730462,0.6939311484469683
2,0.09591357972672716,0.10135818724415753,0.8027282330291153
2,0.09650437216844455,0.14058682028337163,0.762908807548184
1,0.07288298937393495,0.2930202806009967,0.6340967300250683
2,0.3664552955727762,0.28137014046661907,0.35217456396060504
2,0.09591357972672716,0.10135818724415753,0.8027282330291153
2,0.11458421676507698,0.0901047076637923,0.7953110755711305
2,0.0733504514034757,0.1086666495609078,0.8179828990356165
0,0.05766486179540029,0.08889387166500931,0.8534412665395905
2,0.1959669019176202,0.24720942835018103,0.5568236697321988
2,0.10458962847577538,0.34534504228316065,0.5500653292410639
2,0.2607924438883599,0.32589837424752394,0.4133091818641162
1,0.12520096665595415,0.15225924855070658,0.7225397847933396
1,0.11811283552614019,0.16555438047645785,0.716332783997402
1,0.13295828464948067,0.22492249466040265,0.6421192206901166
0,0.11840992405852284,0.13881641256201935,0.7427736633794578
0,0.13295828464948067,0.22492249466040265,0.6421192206901166
2,0.16671829236660485,0.2342241936755337,0.5990575139578614
2,0.17037130434659764,0.281048566677087,0.5485801289763153
2,0.12915732668829205,0.2352387894785083,0.6356038838331995
2,0.1610185910362096,0.16591580565141115,0.6730656033123793
2,0.16718766880026348,0.1851568092387605,0.6476555219609761
2,0.08624799143303527,0.14872851310711221,0.7650234954598525
1,0.11840992405852284,0.13881641256201935,0.7427736633794578
2,0.09340992405852287,0.14310934185494864,0.7634807340865286
0,0.9525664025783533,0.037012538207217095,0.010421059214429507
0,0.9170443864343849,0.057666786464439526,0.025288827101175623
0,0.9342897766873896,0.05546852564956556,0.010241697663044521
0,0.9525664025783533,0.037012538207217095,0.010421059214429507
0,0.9326718484637655,0.05722491597319744,0.010103235563037136
0,0.9497073589270735,0.04500704086668962,0.005285600206236999
0,0.9497073589270735,0.04500704086668962,0.005285600206236999
0,0.9525664025783533,0.037012538207217095,0.010421059214429507
0,0.9421007216404756,0.05025215436177989,0.007647123997744208
0,0.9333308188017589,0.05620726557781524,0.010461915620425945
0,0.9460738546768124,0.04748181986440489,0.006444325458782757
0,0.9419086541381834,0.05053590929192279,0.0075554365698938695
2,0.10771062137733421,0.11459922863573481,0.777690149986931
2,0.0850611625574006,0.1538862061317857,0.7610526313108138
2,0.08140805153075757,0.09833789680562294,0.8202540516636195
1,0.03439770194169397,0.06667224063905802,0.898930057419248
2,0.050045225773361034,0.06539346826054139,0.8845613059660977
2,0.08641577012262878,0.06639512617709292,0.8471891037002784
2,0.043811108984625646,0.1521694083443152,0.8040194826710594
2,0.10902414506315422,0.1855833983486324,0.7053924565882134
0,0.9411898881724287,0.053524511621334474,0.005285600206236999
0,0.9299068136682243,0.059139655940662596,0.010953530391113294
0,0.9411898881724287,0.053524511621334474,0.005285600206236999
0,0.9396677261066656,0.05276871845337082,0.007563555439963165
0,0.93075846818793,0.058259936759977995,0.010981595052092188
0,0.9525664025783533,0.037012538207217095,0.010421059214429507
0,0.9259359636244978,0.06407303823188132,0.009990998143620582
0,0.7858330238869925,0.20952520155059584,0.004641774562411356
1,0.9212574187122284,0.07122455586640017,0.007518025421371608
0,0.9241102210860458,0.06057117136134722,0.015318607552607114
0,0.8972297207861719,0.08372043448168533,0.019049844732142565
0,0.8600206170974732,0.11135399206821105,0.02862539083431574
1,0.9320123096040761,0.05733116257786018,0.01065652781806361
0,0.813787287798543,0.15192047461559122,0.03429223758586544
0,0.8956316896972034,0.08537828491623015,0.018990025386566207
0,0.813787287798543,0.15192047461559122,0.03429223758586544
0,0.8956316896972034,0.08537828491623015,0.018990025386566207
0,0.6062287476847371,0.2598926468556202,0.13387860545964259
0,0.5835541458869831,0.3271525154579241,0.08929333865509279
2,0.5973502839157688,0.31391943138339024,0.08873028470084116
1,0.45132037840586714,0.37542929308919054,0.17325032850494232
0,0.9460738546768124,0.04748181986440489,0.006444325458782757
0,0.9419086541381834,0.05053590929192279,0.0075554365698938695
0,0.9525664025783533,0.037012538207217095,0.010421059214429507
0,0.8338131240814369,0.1470173420395003,0.01916953387906292
0,0.8963747524934353,0.08013223135661585,0.023493016149948844
1,0.9082913918821963,0.07361102724081618,0.018097580876987426
0,0.8357810266561632,0.13341751535114074,0.030801457992695836
0,0.8479295498206167,0.13291851597526352,0.019151934204119817
0,0.9317090400254892,0.060561173347547737,0.007729786626963147
0,0.8713650935293827,0.11248340806474552,0.01615149840587188
1,0.9117720845905813,0.07335869477402845,0.014869220635390404
0,0.9117720845905813,0.07335869477402845,0.014869220635390404
0,0.9152694639445124,0.0656599512660209,0.019070584789466733
0,0.935197479110996,0.05953649495063478,0.005266025938369244
0,0.8693236574769917,0.11290100763954335,0.017775334883465194
0,0.8966911601710921,0.09185102601788361,0.011457813811024183
0,0.9152694639445124,0.0656599512660209,0.019070584789466733
0,0.8983921526788519,0.09229829762223546,0.009309549698912631
0,0.9288628445591696,0.04733843826365683,0.023798717177173592
0,0.8170242186687212,0.13171351981432844,0.0512622615169504
0,0.9525664025783533,0.037012538207217095,0.010421059214429507
0,0.9525664025783533,0.037012538207217095,0.010421059214429507
0,0.9460738546768124,0.04748181986440489,0.006444325458782757
0,0.9450266239598568,0.048529050581360374,0.006444325458782757
2,0.04125730412932096,0.10664090770925272,0.8521017881614265
2,0.03417265823749672,0.10449730027125878,0.8613300414912446
2,0.023648806521618663,0.042608377358560275,0.9337428161198211
2,0.03843536580648343,0.08867179033309092,0.8728928438604258
2,0.04699609842686007,0.10703316160998495,0.8459707399631549
2,0.043920126476569295,0.07549148055305009,0.8805883929703804
2,0.023715517753302048,0.06047118435470716,0.9158132978919907
2,0.04189037221888062,0.18518897823464375,0.7729206495464753
2,0.04235974041970116,0.10404728240705353,0.8535929771732453
2,0.04189037221888062,0.18518897823464375,0.7729206495464753
2,0.023715517753302048,0.06047118435470716,0.9158132978919907
2,0.04314209299729321,0.09270998683340154,0.864147920169305
2,0.06223858073100369,0.1068378305260548,0.8309235887429413
2,0.05046448894671768,0.0838672891128191,0.8656682219404632
2,0.050061059935538554,0.11765905501389347,0.8322798850505682
2,0.046100263097657336,0.05130395664718532,0.9025957802551574
2,0.052759629239140904,0.3784934849457217,0.5687468858151377
2,0.09469199605490014,0.20220225701048475,0.7031057469346154
2,0.05885778648261897,0.14518066478868924,0.795961548728692
2,0.057594858518878946,0.08835077209107989,0.854054369390041
2,0.05941363469932191,0.1467134870010502,0.793872878299628
2,0.058694753594677636,0.08915036686657829,0.8521548795387439
2,0.055970680525693026,0.07637953379332757,0.8676497856809795
2,0.0598621593395479,0.14749442883917416,0.7926434118212783
2,0.14745611229554012,0.24693707972897017,0.6056068079754897
2,0.1366439338608315,0.3515313180740859,0.5118247480650826
2,0.04218224289779698,0.059289385975052775,0.8985283711271502
1,0.04916877488432896,0.10255961688830427,0.8482716082273668
2,0.07510235149783984,0.19083756377204059,0.7340600847301199
2,0.07210299699997692,0.17909066231010204,0.7488063406899212
0,0.036663797800095516,0.1776409377775264,0.7856952644223779
2,0.15898138922394864,0.3356929122127979,0.5053256985632534
0,0.0238802530991387,0.1208405136138882,0.8552792332869731
2,0.04689604761160169,0.07627503190806711,0.8768289204803312
2,0.12542196279624304,0.1412340252049147,0.7333440119988421
2,0.06634392955134324,0.29655125929101606,0.6371048111576406
1,0.11222842023890495,0.13675742760412202,0.751014152156973
0,0.040490803043021974,0.19114330255467,0.768365894402308
2,0.03882537932403648,0.3046614387049848,0.6565131819709789
1,0.07610411810006891,0.2701654417987971,0.653730440101134
2,0.04125730412932096,0.10664090770925272,0.8521017881614265
2,0.03535210698005878,0.09193777332718651,0.8727101196927548
2,0.039538364054216506,0.10575555339924089,0.8547060825465427
2,0.03875785789927134,0.09899319197229885,0.8622489501284297
2,0.026541565434475868,0.07187091939748168,0.9015875151680424
2,0.03242110477309873,0.10847692297091552,0.859101972255986
1,0.061984235491759285,0.13173501146002578,0.8062807530482153
1,0.04419550791761489,0.13070770428331605,0.825096787799069
2,0.05072992386027541,0.24014053823618278,0.7091295379035418
2,0.05517471031196832,0.13369174430078126,0.8111335453872508
2,0.05572802528344186,0.13037185447194,0.8139001202446186
2,0.08062482892864703,0.22317772140052433,0.6961974496708286
2,0.02684597943752001,0.0615320349852693,0.9116219855772106
2,0.023715517753302048,0.06047118435470716,0.9158132978919907
2,0.05476074878470127,0.2498100676140077,0.6954291836012911
1,0.027686050024998667,0.06204988323610215,0.910264066738899
2,0.03933633982555125,0.15269503098709195,0.807968629187357
2,0.05037325848603424,0.16953084746056343,0.7800958940534023
2,0.05218221664804811,0.3366658869539035,0.6111518963980486
2,0.027980388684839645,0.10143639198658146,0.8705832193285789
1,0.05325124279794349,0.4759365794828548,0.4708121777192017
2,0.066384111724359,0.37688272984441257,0.5567331584312287
1,0.06803273034988365,0.3398331481405399,0.5921341215095766
1,0.07392692258384603,0.46506123276494077,0.4610118446512133
2,0.05325124279794349,0.4759365794828548,0.4708121777192017
2,0.05325124279794349,0.4759365794828548,0.4708121777192017
0,0.5902000520945301,0.14340757000913945,0.26639237789633047
0,0.5933643998101032,0.20848749686592044,0.19814810332397642
2,0.16686977509291792,0.23848087450192068,0.5946493504051616
2,0.24277501464435342,0.2082092459112703,0.5490157394443764
1,0.15276356775610317,0.13414989022085944,0.7130865420230376
2,0.24453002490320286,0.2225499199165241,0.5329200551802731
1,0.17252464558107292,0.2837906222826283,0.5436847321362993
0,0.2455445565032449,0.19950595551201888,0.5549494879847361
2,0.23757430780967514,0.2897138826054925,0.47271180958483244
0,0.2651516280870009,0.3455342712421634,0.3893141006708356
1,0.7599423780113121,0.111458822170765,0.1285987998179226
0,0.656569256860178,0.25609265795491337,0.08733808518490843
0,0.5436472010141973,0.37732106968450363,0.07903172930129904
1,0.7243514429276,0.09907033031400593,0.1765782267583938
0,0.6799989235162665,0.2064781569808497,0.11352291950288379
0,0.64233860461772,0.1590389656224255,0.1986224297598546
0,0.5985787711351296,0.18151149685479714,0.21990973201007333
0,0.5554524371339242,0.2060101571215978,0.2385374057444778
2,0.2772862270697258,0.1825637532455605,0.5401500196847138
2,0.18426535030116933,0.23423659018827755,0.5814980595105534
2,0.21639237743368603,0.189405264997733,0.594202357568581
2,0.2514029295254398,0.10145312713771708,0.6471439433368432
2,0.16802308747203587,0.1909429730217424,0.6410339395062219
2,0.20619093570331004,0.19386307879367784,0.599945985503012
0,0.44105497346854466,0.11236909050895337,0.44657593602250195
2,0.6197542098582857,0.11745540954529723,0.2627903805964169
0,0.6256646241363901,0.13643745393304335,0.23789792193056641
0,0.36718938096010983,0.09193089842492365,0.5408797206149666
2,0.6301379956948384,0.14271766321185791,0.22714434109330356
0,0.6301379956948384,0.14271766321185791,0.22714434109330356
2,0.19537659749822534,0.22929888605334095,0.5753245164484339
2,0.1881841868101001,0.23129392501189122,0.580521888178009
0,0.25354390159925233,0.3450419872703007,0.4014141111304471
2,0.28326145184689094,0.3151641645063521,0.4015743836467571
1,0.5536876280009885,0.1302167905099603,0.316095581489051
2,0.428904632759118,0.21903873277272215,0.35205663446815993
1,0.29617907543924377,0.24269034562699274,0.4611305789337634
2,0.24026354650778223,0.24066483534178448,0.5190716181504333
2,0.14420667431377007,0.3062121373504176,0.5495811883358123
1,0.1950031749987163,0.1804717442959872,0.6245250807052966
2,0.11921271958937252,0.20773584141476908,0.6730514389958585
2,0.15260248577465765,0.2507688867546164,0.5966286274707266
0,0.3030778234471647,0.25510113059542877,0.4418210459574063
1,0.25901424155933167,0.2173859967890981,0.5235997616515701
2,0.47633951500217847,0.25462435118646853,0.26903613381135344
2,0.1866830442199132,0.4191005702699785,0.39421638551010835
0,0.29711691946139746,0.29616184705841103,0.40672123348019157
1,0.216477435157715,0.38059079551989367,0.40293176932239144
2,0.4367041682511854,0.2539633137139035,0.3093325180349111
0,0.37199931679679227,0.2465995862598597,0.38140109694334834
1,0.22289554735652306,0.1523509783134329,0.6247534743300447
2,0.1524929971885712,0.419897752898271,0.4276092499131579
2,0.2748251406430193,0.19924431196165188,0.5259305473953289
0,0.310827698566494,0.2426875306177771,0.44648477081572874
2,0.21984933814660235,0.4053960906611903,0.3747545711922074
0,0.20920807736121638,0.36077953114686095,0.4300123914919227
1,0.4820535962246168,0.1714391720658656,0.34650723170951764
1,0.4994317837453482,0.1654514566031759,0.33511675965147586
1,0.1539180637923311,0.43952438839704866,0.4065575478106202
1,0.1454014347352681,0.4929077678427765,0.36169079742195537
1,0.19695879313162912,0.4222781426305212,0.38076306423784967
2,0.2162305872239381,0.3784217103271674,0.4053477024488943
1,0.117800821807509,0.298268516309055,0.5839306618834362
2,0.14990598322068213,0.3553889460184788,0.4947050707608393
2,0.14838339383186208,0.47811224587673434,0.37350436029140366
1,0.06495275995427226,0.16927876926274374,0.765768470782984
0,0.8027008307178347,0.17261761761760447,0.024681551664560947
0,0.9271410467069634,0.06288608774893302,0.009972865544103714
0,0.9336271083485059,0.05711268411797288,0.009260207533521182
0,0.8453237815375068,0.13555022235348785,0.01912599610900539
0,0.9336271083485059,0.05711268411797288,0.009260207533521182
0,0.9152627540943147,0.07363095097969724,0.011106294925988233
0,0.9175209035155395,0.0715659967680951,0.01091309971636549
1,0.9497073589270735,0.04500704086668962,0.005285600206236999
0,0.9146094284023136,0.06779436533084336,0.017596206266843058
0,0.9173872989560846,0.0772258862627796,0.005386814781135786
0,0.9590675447721144,0.03212170197158813,0.008810753256297462
0,0.6712226840115524,0.3168696366171706,0.011907679371277045
0,0.8875835289378787,0.09943880370750856,0.012977667354612678
1,0.9416364659436163,0.04966846936081196,0.00869506469557172
0,0.8725399324206707,0.11128647962307356,0.016173587956255966
0,0.9181861353892642,0.07220383348270501,0.009610031128031004
0,0.9121715781545858,0.07575707749849989,0.012071344346914065
0,0.9386105609881703,0.05600262423069404,0.005386814781135786
0,0.9080021919617616,0.07867239351448779,0.013325414523750512
0,0.9590675447721144,0.03212170197158813,0.008810753256297462
1,0.9368421847646545,0.05756116218263571,0.005596653052709997
0,0.9225654531124914,0.06576882034938529,0.011665726538123297
0,0.797820462687127,0.16071635668549047,0.0414631806273823
0,0.8690242265372118,0.10546982299198983,0.02550595047079842
0,0.8507645664813374,0.13109173579570615,0.018143697722956213
1,0.791378422840276,0.17585453932541495,0.03276703783430895
0,0.7481331228690765,0.22176807187968237,0.030098805251241305
1,0.8027008307178347,0.17261761761760447,0.024681551664560947
0,0.8213727606050684,0.13600184991906605,0.04262538947586562
0,0.7958737932706421,0.17265453160800678,0.03147167512135107
1,0.5961043106101716,0.2206335610986859,0.18326212829114238
0,0.21280320080020007,0.43329862447975315,0.3538981747200468
1,0.356989247311828,0.30778259765558674,0.3352281550325853
2,0.4893235110769936,0.31534740865856487,0.19532908026444118
0,0.9090858557001349,0.07935006730655449,0.011564076993310387
0,0.762208423497898,0.19807902683140582,0.03971254967069642
1,0.9090858557001349,0.07935006730655449,0.011564076993310387
0,0.8667737957354469,0.11507305881191494,0.018153145452637947
0,0.9090858557001349,0.07935006730655449,0.011564076993310387
0,0.8696083582835777,0.11133247399634995,0.01905916772007227
1,0.7997579209162597,0.15129309067355368,0.0489489884101864
0,0.7696982317188805,0.1804929631167738,0.04980880516434555
0,0.45058868126693913,0.39560590730687184,0.1538054114261892
1,0.48604569398786307,0.3834815409414088,0.13047276507072808
0,0.48604569398786307,0.3834815409414088,0.13047276507072808
1,0.5811565165128155,0.31399318522345854,0.10485029826372588
0,0.8564062761180449,0.1261786873029331,0.01741503657902232
0,0.85497057088436,0.11997460270036342,0.02505482641527701
0,0.9027744926549133,0.08350408689429357,0.01372142045079345
0,0.937206367210049,0.05573368238052521,0.007059950409425571
0,0.9389186959771724,0.054021353613401914,0.007059950409425571
0,0.9373631816973766,0.05515504166864702,0.007481776633976114
0,0.9360325619403624,0.05824241579323901,0.005725022266398619
0,0.9360325619403624,0.05824241579323901,0.005725022266398619
0,0.9549736477034835,0.03104764038388845,0.013978711912628209
0,0.8705962730790737,0.11080543982717808,0.01859828709374847
0,0.9549736477034835,0.03104764038388845,0.013978711912628209
0,0.9549736477034835,0.03104764038388845,0.013978711912628209
0,0.9358743682257051,0.05384129245106554,0.01028433932322921
0,0.9360325619403624,0.05824241579323901,0.005725022266398619
0,0.938737158413819,0.053781064952204555,0.007481776633976114
0,0.9402377978684447,0.052453976598493934,0.00730822553306123
0,0.8963067961348624,0.07814984317574945,0.025543360689388207
0,0.9216986834769291,0.05822764497911531,0.02007367154395554
0,0.8595135896068852,0.10003493848489373,0.04045147190822104
0,0.8582645345692426,0.12056335844342105,0.02117210698733672
1,0.8736919410310442,0.09453771228293695,0.03177034668601877
0,0.7129092836618409,0.15979601699711404,0.1272946993410449
1,0.8957195880526712,0.06389447122254008,0.04038594072478896
0,0.6294906807266555,0.21154264240628426,0.15896667686706062
1,0.2874949697709139,0.1624541366263753,0.5500508936027109
2,0.298439674159093,0.28225510958019384,0.4193052162607131
1,0.192459607760292,0.2150749002371924,0.592465492002515
2,0.3252171916677842,0.29391460567839434,0.3808682026538215
2,0.3091310807515855,0.2673036852457761,0.4235652340026383
2,0.25955919069148553,0.36519803568309733,0.37524277362541714
1,0.28915231308446965,0.2414843113928692,0.4693633755226611
2,0.32899688312383035,0.35531241476806463,0.31569070210810496
0,0.344020610471203,0.29562400738779604,0.36035538214100105
1,0.2958988360616597,0.24247095846197975,0.4616302054763602
0,0.3519005259258466,0.30250070030239057,0.3455987737717628
1,0.32952926424001283,0.266000889017605,0.4044698467423822
0,0.37459162223972076,0.2512112440845562,0.37419713367572305
0,0.35562755373717747,0.33555929193374706,0.3088131543290754
0,0.4264069993012145,0.34268062082763284,0.23091237987115257
1,0.5004374264801741,0.29211967313302034,0.20744290038680566
2,0.32827570786028076,0.25547625097994775,0.4162480411597713
2,0.34286511344842147,0.32344843073516655,0.333686455816412
1,0.2731512528491584,0.3497167605948649,0.37713198655597674
1,0.284846493825822,0.3301822957466035,0.38497121042757454
0,0.26662407860122606,0.246092144905296,0.4872837764934773
2,0.35583414814680964,0.26536748093178875,0.3787983709214017
0,0.464736934922181,0.2880250907375163,0.24723797434030284
1,0.8485407884905913,0.1063557892207952,0.04510342228861345
2,0.27096124483939504,0.22626748738874009,0.5027712677718648
2,0.22978684764411036,0.3051025500526394,0.46511060230325013
2,0.17612622677731524,0.209912752022242,0.6139610212004427
2,0.17183046023139498,0.30958555761051326,0.5185839821580918
2,0.060855511950267234,0.14416975900024984,0.7949747290494831
2,0.0686031661171998,0.17456078852695436,0.7568360453558457
1,0.17635564180706076,0.26342804182129337,0.5602163163716458
2,0.18046408091025537,0.30601761633024344,0.513518302759501
2,0.031566129080162764,0.14568782954646853,0.8227460413733686
2,0.0676601331327131,0.18817581952803192,0.7441640473392549
2,0.0655432404012634,0.15272935318756373,0.7817274064111729
2,0.0951385190638638,0.1872691815459845,0.7175922993901517
1,0.06979123766457286,0.15042792918944262,0.7797808331459846
2,0.0951385190638638,0.1872691815459845,0.7175922993901517
2,0.19263460793312276,0.15705057603866882,0.6503148160282085
2,0.1778095876174808,0.24959195651593735,0.5725984558665819
2,0.06712732577305913,0.1245726859831141,0.8082999882438268
2,0.14452461563656513,0.16749969410020818,0.6879756902632264
2,0.09019451812555263,0.09784899259609722,0.8119564892783502
2,0.09019451812555263,0.09784899259609722,0.8119564892783502
0,0.7683940252344001,0.20146937571681917,0.03013659904878079
0,0.7901371448000049,0.19087934749271943,0.01898350770727588
0,0.8327227599885078,0.1466707884002346,0.02060645161125767
1,0.8910102494556146,0.07291073728806516,0.03607901325632029
0,0.8370150372495203,0.1307188686311856,0.03226609411929425
0,0.8604224748400956,0.11320608722295966,0.02637143793694485
0,0.924706567188823,0.06952291876945842,0.00577051404171861
0,0.9137821828810687,0.07673377347414789,0.009484043644783337
0,0.9269951588356784,0.06588179797065581,0.0071230431936660996
0,0.924706567188823,0.06952291876945842,0.00577051404171861
0,0.9417262078474565,0.050170446418054536,0.00810334573448879
0,0.9567270586443559,0.03489963341868184,0.00837330793696238
0,0.9224821158457075,0.06826846427354454,0.009249419880747808
0,0.9326012940181837,0.060215349674607684,0.007183356307208695
0,0.9226109702390286,0.06720324941362527,0.010185780347346084
0,0.9417262078474565,0.050170446418054536,0.00810334573448879
0,0.8697383697819651,0.12711025452730343,0.003151375690731393
0,0.8335436410247407,0.13297565166624248,0.03348070730901705
0,0.8563355057982804,0.10619449409349684,0.03747000010822244
0,0.8335436410247407,0.13297565166624248,0.03348070730901705
0,0.76173839729151,0.20178840347060992,0.036473199237880005
0,0.8279078679431505,0.14483485476153451,0.02725727729531504
0,0.5809513360128319,0.388943226296248,0.030105437690920254
0,0.5972162570273662,0.28230955134094693,0.12047419163168688
0,0.9393277362583766,0.05252823388360587,0.008144029858017673
1,0.8902977304542694,0.09343930537394786,0.016262964171782447
0,0.9474741180314771,0.04450923890485656,0.00801664306366603
0,0.9516429831115016,0.04366950280666353,0.004687514081835086
0,0.9050674390241764,0.07349917802508882,0.021433382950734655
0,0.9337839475726791,0.05873746074632516,0.007478591680995677
0,0.9321890030512698,0.05585343373138861,0.011957563217341411
0,0.9500706944893036,0.04358930973370806,0.006339995776988286
0,0.9176873843878425,0.05708001358080801,0.025232602031349353
0,0.9567270586443559,0.03489963341868184,0.00837330793696238
0,0.9500706944893036,0.04358930973370806,0.006339995776988286
0,0.9516429831115016,0.04366950280666353,0.004687514081835086
0,0.9500706944893036,0.04358930973370806,0.006339995776988286
0,0.9500706944893036,0.04358930973370806,0.006339995776988286
0,0.9608890383968868,0.030300208346815825,0.008810753256297462
0,0.947652848989892,0.046223562054167465,0.00612358895594039
0,0.9224129882956879,0.06953772645051529,0.008049285253796713
0,0.8729382739594496,0.06124053081249441,0.06582119522805613
0,0.9132449749993518,0.053558028145492716,0.03319699685515561
0,0.8745444416433558,0.059955596665369454,0.06549996169127488
0,0.9500706944893036,0.04358930973370806,0.006339995776988286
0,0.9419042699705504,0.04940823447425181,0.00868749555519793
0,0.9608890383968868,0.030300208346815825,0.008810753256297462
0,0.9428492570495218,0.048506499990435936,0.008644242960042221
0,0.9608890383968868,0.030300208346815825,0.008810753256297462
0,0.9359540865299523,0.055401670510005614,0.008644242960042221
0,0.9098651432164824,0.07372101688417242,0.01641383989934527
0,0.9282035453947195,0.057069174424362434,0.01472728018091781
0,0.7920733061118154,0.18720770693887656,0.020718986949308058
0,0.7920733061118154,0.18720770693887656,0.020718986949308058
0,0.5959658552343531,0.35572003412965447,0.04831411063599226
1,0.9072033930157395,0.07657611621441918,0.016220490769841205
0,0.9428492570495218,0.048506499990435936,0.008644242960042221
0,0.951368388409639,0.04233773740666403,0.006293874183696883
0,0.9608890383968868,0.030300208346815825,0.008810753256297462
0,0.951368388409639,0.04233773740666403,0.006293874183696883
0,0.9608890383968868,0.030300208346815825,0.008810753256297462
0,0.951368388409639,0.04233773740666403,0.006293874183696883
0,0.9608890383968868,0.030300208346815825,0.008810753256297462
0,0.9608890383968868,0.030300208346815825,0.008810753256297462
0,0.9516429831115016,0.04366950280666353,0.004687514081835086
0,0.9419042699705504,0.04940823447425181,0.00868749555519793
0,0.9516429831115016,0.04366950280666353,0.004687514081835086
0,0.9516429831115016,0.04366950280666353,0.004687514081835086
0,0.8022231200207779,0.18795111149817983,0.009825768481042288
1,0.9608890383968868,0.030300208346815825,0.008810753256297462
0,0.951368388409639,0.04233773740666403,0.006293874183696883
0,0.951368388409639,0.04233773740666403,0.006293874183696883
0,0.9608890383968868,0.030300208346815825,0.008810753256297462
0,0.9419042699705504,0.04940823447425181,0.00868749555519793
0,0.9500706944893036,0.04358930973370806,0.006339995776988286
0,0.9419042699705504,0.04940823447425181,0.00868749555519793
0,0.936813557078742,0.05553501080106396,0.0076514321201939465
0,0.9306117755131297,0.060155255859580765,0.00923296862728963
0,0.9419042699705504,0.04940823447425181,0.00868749555519793
0,0.9472425192600941,0.04539475482680501,0.00736272591310067
0,0.9472425192600941,0.04539475482680501,0.00736272591310067
0,0.9516429831115016,0.04366950280666353,0.004687514081835086
0,0.9487107238026872,0.04489107233182126,0.006398203865491354
0,0.9487107238026872,0.04489107233182126,0.006398203865491354
0,0.9516429831115016,0.04366950280666353,0.004687514081835086
0,0.9608890383968868,0.030300208346815825,0.008810753256297462
0,0.9419042699705504,0.04940823447425181,0.00868749555519793
0,0.9398544608235544,0.051338158710761715,0.008807380465683863
0,0.9395494345937766,0.05179320485584707,0.008657360550376329
0,0.9516429831115016,0.04366950280666353,0.004687514081835086
0,0.9608890383968868,0.030300208346815825,0.008810753256297462
0,0.9395494345937766,0.05179320485584707,0.008657360550376329
0,0.9472425192600941,0.04539475482680501,0.00736272591310067
0,0.9472425192600941,0.04539475482680501,0.00736272591310067
0,0.9516429831115016,0.04366950280666353,0.004687514081835086
0,0.9395494345937766,0.05179320485584707,0.008657360550376329
0,0.9516429831115016,0.04366950280666353,0.004687514081835086
0,0.9457615862723119,0.04687568781458731,0.00736272591310067
0,0.9516429831115016,0.04366950280666353,0.004687514081835086
0,0.951368388409639,0.04233773740666403,0.006293874183696883
0,0.9608890383968868,0.030300208346815825,0.008810753256297462
0,0.9516429831115016,0.04366950280666353,0.004687514081835086
0,0.9495165365577871,0.04233773740666403,0.008145726035548735
0,0.9500706944893036,0.04358930973370806,0.006339995776988286
0,0.9526585857219898,0.038530661021712945,0.008810753256297462
0,0.9243562829098053,0.07152423294687883,0.004119484143315973
2,0.9243562829098053,0.07152423294687883,0.004119484143315973
0,0.896680199621521,0.06393048720936764,0.039389313169111526
0,0.9500706944893036,0.04358930973370806,0.006339995776988286
0,0.9232641297051585,0.04916687468903221,0.027568995605809058
0,0.9456438948346279,0.047076947810052214,0.007279157355319626
0,0.9516429831115016,0.04366950280666353,0.004687514081835086
0,0.9441629618468457,0.04855788079783451,0.007279157355319626
0,0.9526585857219898,0.038530661021712945,0.008810753256297462
0,0.9526585857219898,0.038530661021712945,0.008810753256297462
0,0.9351967488919969,0.05711403749139754,0.007689213616605426
1,0.9516429831115016,0.04366950280666353,0.004687514081835086
1,0.9526585857219898,0.038530661021712945,0.008810753256297462
0,0.9516429831115016,0.04366950280666353,0.004687514081835086
0,0.9174793142113781,0.07475033449232354,0.007770351296298726
0,0.9174793142113781,0.07475033449232354,0.007770351296298726
1,0.9516429831115016,0.04366950280666353,0.004687514081835086
0,0.9318012231691254,0.06207929616204358,0.0061194806688311025
0,0.9516429831115016,0.04366950280666353,0.004687514081835086
0,0.9289575442776268,0.06317528266826956,0.007867173054103718
0,0.9441629618468457,0.04855788079783451,0.007279157355319626
0,0.9526585857219898,0.038530661021712945,0.008810753256297462
0,0.9516429831115016,0.04366950280666353,0.004687514081835086
0,0.9318012231691254,0.06207929616204358,0.0061194806688311025
0,0.9516429831115016,0.04366950280666353,0.004687514081835086
0,0.9526585857219898,0.038530661021712945,0.008810753256297462
0,0.9213745396563258,0.0686867021460706,0.009938758197603675
0,0.9020749161053349,0.08702504527732415,0.010900038617340988
0,0.9013456806624082,0.09158758563953524,0.007066733698056713
0,0.9191319747226829,0.07088601448455774,0.009982010792759385
0,0.9318012231691254,0.06207929616204358,0.0061194806688311025
0,0.6923983530140292,0.23472306714048183,0.0728785798454888
0,0.39228088957147994,0.2652840852282317,0.34243502520028835
1,0.6235888332227655,0.29951231242098764,0.07689885435624694
2,0.4040153485927386,0.26919115370745766,0.32679349769980376
1,0.6806866266512023,0.25891327943744125,0.0604000939113564
2,0.6865480362185106,0.25058341728093353,0.0628685465005559
2,0.5366848884579095,0.16578707938918236,0.2975280321529081
0,0.4587132645128699,0.22376791278881122,0.3175188226983187
2,0.5764435069743272,0.28031408512435596,0.14324240790131673
0,0.36076756101405727,0.2700074483405452,0.3692249906453976
0,0.4100611546328322,0.2631013971320431,0.3268374482351246
0,0.3863176636966674,0.2980081067130001,0.3156742295903324
1,0.39110093226112524,0.3415517246703186,0.2673473430685562
0,0.4157833546186731,0.41646012286208917,0.16775652251923756
2,0.4295820687367585,0.22219555899751686,0.34822237226572433
2,0.4234325249188718,0.22298794730546942,0.3535795277756587
0,0.7006373594314782,0.14478541739113848,0.15457722317738298
0,0.7951677163152122,0.11580052079128854,0.08903176289349925
0,0.7245447212587304,0.12703912981041582,0.1484161489308536
0,0.6343011210160969,0.11796614598546967,0.2477327329984335
1,0.7951677163152122,0.11580052079128854,0.08903176289349925
0,0.7060497448768973,0.13660599428361372,0.1573442608394886
0,0.6046352764336836,0.2223527622803702,0.173011961285946
0,0.5557877563801809,0.2134744114493752,0.23073783217044389
0,0.6654666405793443,0.19326629119846256,0.14126706822219323
0,0.6343011210160969,0.11796614598546967,0.2477327329984335
0,0.812159168702166,0.09496429229714425,0.09287653900068997
0,0.8757897313582954,0.0602814051491868,0.06392886349251793
0,0.9525664025783533,0.037012538207217095,0.010421059214429507
0,0.8763561934121328,0.09024448367173502,0.0333993229161322
0,0.7561168364345291,0.17922875188311463,0.06465441168235614
0,0.9525664025783533,0.037012538207217095,0.010421059214429507
1,0.8843963242360598,0.08835063077528929,0.027253044988650846
1,0.9077093358764389,0.07359725564070797,0.018693408482853273
0,0.8659120397999579,0.11686842466689311,0.01721953553314896
0,0.8659120397999579,0.11686842466689311,0.01721953553314896
0,0.7561168364345291,0.17922875188311463,0.06465441168235614
0,0.8737653715706323,0.10128735329360848,0.02494727513575918
0,0.7836016559706797,0.08016765198869918,0.1362306920406209
0,0.6514516594740827,0.1303993342460279,0.2181490062798898
0,0.9297703531498523,0.06019506563092632,0.010034581219220996
0,0.939634521014479,0.050124134726177,0.010241344259344136
0,0.9234377958468668,0.06369763241452223,0.01286457173861083
0,0.9525664025783533,0.037012538207217095,0.010421059214429507
0,0.9110677370207818,0.06654523605955694,0.022387026919661133
0,0.8608257286234428,0.10368097787218099,0.035493293504376355
2,0.7486848915741834,0.2106124357886229,0.040702672637193675
0,0.6021852904446375,0.2590961502546245,0.13871855930073804
0,0.57758978854937,0.20743998355472015,0.21497022789590972
1,0.7866409213627127,0.1419902995387122,0.07136877909857489
2,0.6786063173221489,0.2565859164245715,0.06480776625327926
0,0.7103271313383135,0.23657215299218456,0.05310071566950186
0,0.939634521014479,0.050124134726177,0.010241344259344136
0,0.9287712922994362,0.061194126481342453,0.010034581219220996
0,0.7372591082864337,0.22530768416648875,0.03743320754707736
0,0.7372591082864337,0.22530768416648875,0.03743320754707736
0,0.8297549626645616,0.11413998608123327,0.05610505125420507
0,0.8297549626645616,0.11413998608123327,0.05610505125420507
0,0.8437826191337595,0.0998617100026671,0.05635567086357321
0,0.9263716328780353,0.056251865343190516,0.017376501778774298
0,0.40575741750091765,0.2700798922926917,0.3241626902063907
1,0.09713049807744263,0.23416914509926867,0.6687003568232887
0,0.5337049611135952,0.21386510230887415,0.25242993657753054
0,0.8018902190295035,0.11619244600113501,0.0819173349693615
0,0.8608257286234428,0.10368097787218099,0.035493293504376355
0,0.9097194556206434,0.06540912953910046,0.024871414840256303
2,0.4602862711596534,0.2874476782335528,0.25226605060679386
0,0.8843963242360598,0.08835063077528929,0.027253044988650846
1,0.788596872634291,0.1188677144931722,0.09253541287253662
0,0.8218241437723498,0.15293816374288283,0.025237692484767628
0,0.9516429831115016,0.04366950280666353,0.004687514081835086
0,0.8809253034981647,0.0902549626686784,0.028819733833157057
0,0.2253230021760598,0.2332588080296279,0.5414181897943126
2,0.1560817453040509,0.39665128749118495,0.4472669672047641
0,0.8633506234369649,0.10538041348695902,0.031268963076076066
1,0.1344050298288858,0.2593566612785546,0.6062383088925595
1,0.94344198131332,0.049278861331360106,0.007279157355319626
0,0.9361268264973768,0.04211131612569025,0.021761857376933095
1,0.577062119659356,0.1340436499481833,0.28889423039246076
1,0.6244160219561182,0.29130645786576365,0.08427752017811807
1,0.3437711841297237,0.34872443974008677,0.3075043761301895
0,0.9161642689921355,0.07919343868412455,0.004642292323739991
0,0.8597535901776052,0.11604233376847085,0.024204076053923995
0,0.7137612842062515,0.20114788992795732,0.08509082586579114
1,0.1643623539090546,0.45163102392729926,0.3840066221636461
0,0.7898081202916826,0.15892638263251796,0.051265497075799256
0,0.7742986546163473,0.17354693370129645,0.052154411682356135
1,0.06795086187314657,0.33342797142247205,0.5986211667043815
0,0.8171584564136555,0.1686357461269057,0.014205797459438875
2,0.1419891881065364,0.37564951583161954,0.482361296061844
0,0.8563355057982804,0.10619449409349684,0.03747000010822244
2,0.27256451468428516,0.36894422574397073,0.35849125957174416
0,0.8033570087347481,0.1560528146838457,0.04059017658140593
0,0.9526585857219898,0.038530661021712945,0.008810753256297462
2,0.08267947971164005,0.28792159725755195,0.629398923030808
0,0.9362247971675479,0.048163826505373576,0.01561137632707844
0,0.9306117755131297,0.060155255859580765,0.00923296862728963
0,0.39224868218031866,0.4165413169991086,0.19121000082057277
0,0.12435439896129814,0.2282198719354734,0.6474257291032283
0,0.734418750688852,0.18738353226744553,0.07819771704370217
2,0.0497866984038002,0.13396410074929782,0.8162492008469023
2,0.3486601165431163,0.3969918496918546,0.25434803376502907
2,0.24100682246115346,0.2660492866235199,0.49294389091532664
1,0.9218791958013686,0.05016626813813394,0.027954536060497595
1,0.14085247961872377,0.528220038721867,0.33092748165940905
1,0.9331726718784038,0.055958056952785086,0.010869271168811074
0,0.5850603311702167,0.21510179495699708,0.1998378738727861
0,0.8328486865615913,0.1466762027614183,0.020475110676990264
0,0.6876162370271116,0.11666705280802316,0.19571671016486536
1,0.75170685395288,0.12615779324988763,0.1221353527972322
2,0.18616772942033674,0.261498098393124,0.5523341721865394
2,0.13455826576950924,0.12380804747024185,0.7416336867602488
0,0.4458228956556418,0.25328673115115535,0.300890373193203
1,0.8481952605105408,0.10359183221532961,0.04821290727412949
0,0.8457556569439876,0.10589253078604911,0.04835181226996339
0,0.4545576216472128,0.14056390958347564,0.4048784687693115
0,0.08753936423512089,0.3472940703158324,0.5651665654490465
0,0.4367041682511854,0.2539633137139035,0.3093325180349111
0,0.7469095056688098,0.18065279536329898,0.07243769896789122
0,0.7396045839392643,0.20707866720172866,0.05331674885900709
2,0.7306822563795556,0.13225815139895788,0.13705959222148645
1,0.5327835737311132,0.25413606089909835,0.2130803653697884
0,0.9526585857219898,0.038530661021712945,0.008810753256297462
2,0.15711046588239572,0.22377468965064715,0.6191148444669571
1,0.7036428417148204,0.20760599402869395,0.0887511642564856
0,0.46222029067559395,0.3674948019128888,0.17028490741151697
0,0.9398544608235544,0.051338158710761715,0.008807380465683863
0,0.8404036032609137,0.14014904594057295,0.019447350798513625
0,0.43126060100633834,0.1824892556332711,0.38625014336039054
0,0.6377539441099894,0.1835213068725742,0.17872474901743632
1,0.5123866993489565,0.4180555909483811,0.06955770970266237
0,0.8680463972577713,0.09461558186391947,0.03733802087830926
0,0.8556684550114312,0.11064608593989343,0.0336854590486756
1,0.24686173097700964,0.2621437441066226,0.49099452491636764
2,0.5702799310913523,0.3210395702439873,0.1086804986646603
1,0.024232217308124228,0.06700582626404049,0.9087619564278353
2,0.061670229203965116,0.08334768898072419,0.8549820818153108
1,0.3869254886552398,0.2339886209342275,0.37908589041053264
0,0.08467430685641499,0.14594133706352486,0.7693843560800602
2,0.23619500437450475,0.25631407218967117,0.5074909234358245
0,0.8128733407398343,0.13546029032882798,0.05166636893133775
0,0.6496592329997161,0.24728589323645667,0.10305487376382735
2,0.08468141946554647,0.2679976104130733,0.6473209701213802
2,0.14870464926102345,0.4320228552463603,0.4192724954926164
1,0.49646414229963104,0.34161260302250046,0.1619232546778685
0,0.2985125663970751,0.30229858777489993,0.399188845828025
0,0.9012880023223363,0.07732354825149182,0.021388449426171952
0,0.7702375965276871,0.10119671962440684,0.12856568384790615
2,0.05476074878470127,0.25723101134123544,0.6880082398740635
2,0.052759629239140904,0.3784934849457217,0.5687468858151377
0,0.8271701041730887,0.11059455965667953,0.062235336170231914
2,0.055659322513898386,0.18464830391981818,0.7596923735662836
1,0.09672013864325292,0.2063064648946025,0.6969733964621446
0,0.5993668323116513,0.24134852242328314,0.1592846452650655
2,0.08770599538188284,0.1714426521238362,0.7408513524942815
0,0.9484725055097224,0.03593847661951741,0.015589017870760256
0,0.6914255624641641,0.141445979251007,0.16712845828482872
0,0.5118329350775292,0.2843610381261509,0.2038060267963198
0,0.8625846680493986,0.11943579958264587,0.017979532367955586
2,0.06523945588319348,0.10099970794160427,0.8337608361752018
2,0.06758170323464252,0.18414763648883983,0.7482706602765178
0,0.23433987846260795,0.1996120430982171,0.566048078439175
