target,prediction_-1,prediction_0,prediction_1
2,0.5202409395303782,0.222407510884523,0.25735154958509876
0,0.2013747713359248,0.27108540385176433,0.5275398248123109
1,0.1681099066685098,0.4000979785030625,0.4317921148284276
1,0.1611006095125291,0.32864628207757496,0.5102531084098959
2,0.11636810945297665,0.37397956294582396,0.5096523276011994
2,0.11034229154414087,0.3786273213777912,0.5110303870780679
1,0.0968472003291724,0.40969685142807805,0.4934559482427496
1,0.13918465808843744,0.4468468802712843,0.4139684616402783
2,0.13918465808843744,0.4468468802712843,0.4139684616402783
2,0.0968472003291724,0.40969685142807805,0.4934559482427496
2,0.13551791965170026,0.3584326903404902,0.5060493900078095
2,0.23897587377226395,0.2518457587164318,0.5091783675113042
0,0.8358213408505555,0.1205763303501705,0.043602328799274004
0,0.8767659846891096,0.08265102232789369,0.04058299298299675
0,0.8739356624704344,0.08694280347955799,0.03912153405000762
0,0.9081838373383782,0.07237354611409229,0.019442616547529653
2,0.18327162564722838,0.2003859389021408,0.6163424354506308
1,0.17848790152337748,0.20466700379186753,0.616845094684755
0,0.12034660149536801,0.1733334540782013,0.7063199444264306
1,0.09687599743283055,0.18486345480527835,0.7182605477618911
2,0.11143783791864134,0.15762675613158608,0.7309354059497726
2,0.28309880276511284,0.17830034699874678,0.5386008502361405
2,0.09080050068624933,0.12231012582548312,0.7868893734882676
2,0.10178648927074292,0.11574829442109369,0.7824652163081635
1,0.14065428936641705,0.19433682245451128,0.6650088881790717
2,0.15301401116459765,0.24741848142869582,0.5995675074067065
2,0.08963329938333552,0.12004770615514125,0.7903189944615231
2,0.25370065366052486,0.16939420343899772,0.5769051429004773
2,0.08641685219442868,0.12222532608682832,0.791357821718743
0,0.08641685219442868,0.12222532608682832,0.791357821718743
2,0.240294860995379,0.18829602293098463,0.5714091160736364
2,0.15604712527002754,0.17898881624049956,0.6649640584894729
2,0.20076528961868426,0.2525004168670957,0.5467342935142201
1,0.16536398646981115,0.14427152857157485,0.690364484958614
1,0.10591622468010588,0.17320166372950968,0.7208821115903845
1,0.17220979918568088,0.19207012758471628,0.6357200732296029
0,0.10591622468010588,0.17320166372950968,0.7208821115903845
0,0.17220979918568088,0.19207012758471628,0.6357200732296029
2,0.26903317675463584,0.24165248397009806,0.4893143392752662
2,0.2983434150923873,0.19642675389525593,0.5052298310123567
2,0.3022128388326788,0.17176098451569,0.5260261766516312
2,0.2577461495379967,0.21378946355467068,0.5284643869073327
2,0.12264931267112052,0.19471800612139703,0.6826326812074824
2,0.10002707029360161,0.13867829684690677,0.7612946328594917
1,0.10409223402239805,0.17161932842828392,0.724288437549318
2,0.10420316377150746,0.16524833738532027,0.7305484988431722
0,0.8206373406625318,0.10915286022865331,0.07020979910881482
0,0.8756153955054937,0.09296413862862925,0.03142046586587697
0,0.8821242838349047,0.09891641465049486,0.018959301514600468
0,0.8521580107654224,0.09661658432688003,0.05122540490769755
0,0.8446201983610386,0.11502602393389498,0.04035377770506642
0,0.8739356624704344,0.08694280347955799,0.03912153405000762
0,0.8797090505619072,0.08486816735435407,0.035422782083738835
0,0.8447696659237471,0.10268436857123475,0.052545965505018166
0,0.9067476011580552,0.06855941735954359,0.02469298148240108
0,0.8398281487811805,0.11823148159151695,0.04194036962730257
0,0.8775300983011884,0.08188057743760499,0.04058932426120658
0,0.873479510971057,0.08357346691299174,0.04294702211595113
2,0.14762232756944463,0.17189758874155897,0.6804800836889964
2,0.13665203175828197,0.07114073518123072,0.7922072330604872
2,0.0756738219053349,0.1986812449394672,0.7256449331551978
1,0.09097297781981149,0.12361435670376572,0.7854126654764229
2,0.09665641926798715,0.12144141576212265,0.7819021649698902
2,0.09665641926798715,0.12144141576212265,0.7819021649698902
2,0.03602152774140371,0.08854455716905178,0.8754339150895445
2,0.07955333637901445,0.15638564148140663,0.7640610221395789
0,0.8773555991059412,0.08714670718295786,0.035497693711100876
0,0.8901816740292658,0.08187370084766075,0.027944625123073455
0,0.8773555991059412,0.08714670718295786,0.035497693711100876
0,0.886875498504072,0.09067671750515595,0.022447783990771946
0,0.876858376589921,0.09573880797702572,0.02740281543305334
0,0.8313504639915837,0.1131099226448295,0.05553961336358676
0,0.8894846589521416,0.09208383902427364,0.018431502023584755
0,0.8540527649187047,0.10684435948981907,0.039102875591476315
1,0.8550982736276622,0.06500748670118939,0.07989423967114838
0,0.8544642834991962,0.08363596118189859,0.06189975531890526
0,0.7967125508424193,0.18840478624599133,0.014882662911589375
0,0.8393123822327175,0.11102248879926567,0.04966512896801684
1,0.8858509658545036,0.06812550021842641,0.046023533927069905
0,0.7715719190043383,0.15665664424837963,0.07177143674728201
0,0.8002310019485764,0.18295399839829665,0.016814999653126984
0,0.7715719190043383,0.15665664424837963,0.07177143674728201
0,0.8002310019485764,0.18295399839829665,0.016814999653126984
0,0.8274848998601169,0.11573930185219358,0.056775798287689354
0,0.8147687275768785,0.11364240128135106,0.07158887114177051
2,0.8083778108137283,0.11504842178891525,0.07657376739735662
1,0.8161948683968082,0.12283272285514048,0.060972408748051245
0,0.8378904549655394,0.07320558673378091,0.08890395830067963
0,0.8423281287838416,0.06923151916441722,0.08844035205174132
0,0.8726529151561836,0.09360616058127251,0.033740924262543916
0,0.8375563979632603,0.12019261510439914,0.04225098693234047
0,0.7946856561707946,0.15580873270509255,0.049505611124112905
1,0.8906505939010948,0.08902987573340428,0.020319530365500913
0,0.8964947425382718,0.08324606707371589,0.0202591903880123
0,0.8820589441168094,0.08276550768970134,0.03517554819348934
0,0.8579325343642679,0.10495097230971348,0.03711649332601858
0,0.8050203318081282,0.12469503680356384,0.07028463138830802
1,0.7901969284507862,0.15662455510138473,0.05317851644782919
0,0.7901969284507862,0.15662455510138473,0.05317851644782919
0,0.8714018168559118,0.09574960970231149,0.03284857344177676
0,0.8682922092461137,0.08852169039958308,0.043186100354303265
0,0.8037904243815267,0.14635916823203476,0.04985040738643847
0,0.8294999277818013,0.13973884762504268,0.030761224593156104
0,0.8579325343642679,0.10495097230971348,0.03711649332601858
0,0.868827513584937,0.11020827453260629,0.0209642118824566
0,0.8223662932058908,0.10686554287680713,0.07076816391730192
0,0.7735287018056004,0.12335789203832673,0.10311340615607292
0,0.8664835898408821,0.09033881724847576,0.04317759291064204
0,0.8578043273251232,0.09716757392024582,0.04502809875463092
0,0.8378904549655394,0.07320558673378091,0.08890395830067963
0,0.8542991210734827,0.06844380836305276,0.07725707056346469
2,0.06420651138887146,0.1870698229325463,0.7487236656785822
2,0.04756721084308247,0.10392692850098051,0.848505860655937
2,0.07448052254382552,0.11422241391800532,0.8112970635381691
2,0.06889272180455325,0.13878677249851146,0.7923205056969352
2,0.0944211202563095,0.18905372293263037,0.7165251568110601
2,0.1296001571827152,0.1326807165031518,0.7377191263141331
2,0.04071055313469384,0.1667801477971857,0.7925092990681205
2,0.06055152004960209,0.12334281594931121,0.8161056640010866
2,0.0626334344020571,0.21558713697415602,0.7217794286237869
2,0.07217436660544756,0.1320759949418755,0.7957496384526769
2,0.04071055313469384,0.1667801477971857,0.7925092990681205
2,0.058402184455688524,0.12184015283506666,0.8197576627092447
2,0.1112100360696361,0.10521191867468592,0.783578045255678
2,0.07169019192008014,0.15184246452617417,0.7764673435537457
2,0.08195267181538908,0.14560703294279065,0.7724402952418202
2,0.06678997416929107,0.129285481779357,0.803924544051352
2,0.13707882343623307,0.18255947397218653,0.6803617025915804
2,0.0794591784461366,0.10580321551803192,0.8147376060358315
2,0.060207771417430424,0.09013431915359772,0.8496579094289718
2,0.10751925865294575,0.10526824304124782,0.7872124983058064
2,0.06053396614929074,0.09058123021604435,0.8488848036346649
2,0.10537260779509273,0.10318014692666316,0.791447245278244
2,0.06879441529139473,0.15744348786983875,0.7737620968387665
2,0.06053396614929074,0.09058123021604435,0.8488848036346649
2,0.08397459830053185,0.1667377979763325,0.7492876037231357
2,0.1351235184547564,0.2461821091789573,0.6186943723662863
2,0.06950475603416978,0.12187170701651337,0.8086235369493169
1,0.0664182792568924,0.11662970190436656,0.816952018838741
2,0.10699002701571554,0.23524350568003277,0.6577664673042517
2,0.1257100318292367,0.2303623800543849,0.6439275881163783
0,0.06740941113112212,0.11715126849194707,0.8154393203769307
2,0.15423579745328939,0.1664404183971999,0.6793237841495108
0,0.06201142014581778,0.15463478470703648,0.7833537951471459
2,0.0664182792568924,0.11662970190436656,0.816952018838741
2,0.2281177802161372,0.18404405728154588,0.5878381625023169
2,0.05006190570579927,0.14618278359971623,0.8037553106944845
1,0.14749565963775957,0.1669309615199159,0.6855733788423246
0,0.052846589864980725,0.16613822075896673,0.7810151893760526
2,0.09566361760125347,0.13285202512063415,0.7714843572781124
1,0.057727693383142945,0.2037948404104318,0.7384774662064254
2,0.04419656144935799,0.2032348250742742,0.7525686134763677
2,0.03650834518315807,0.09819051536597925,0.8653011394508626
2,0.021271624248435306,0.2028381033642667,0.775890272387298
2,0.041344692205161,0.1629308983255377,0.7957244094693012
2,0.04230429578182936,0.08741824023384963,0.8702774639843212
2,0.017075245390930353,0.10696718229948483,0.8759575723095848
1,0.06362161720633465,0.16710083920654614,0.7692775435871191
1,0.05647283651308872,0.13801178209001957,0.8055153813968916
2,0.026543429843525975,0.20592486117296285,0.7675317089835112
2,0.06362161720633465,0.16710083920654614,0.7692775435871191
2,0.06362161720633465,0.16710083920654614,0.7692775435871191
2,0.03290590813909361,0.1876472687355361,0.7794468231253703
2,0.05398373237588965,0.14310575522985314,0.8029105123942573
2,0.03368543965548534,0.1605434231636773,0.8057711371808373
2,0.059603896462092555,0.19970353309359554,0.740692570444312
1,0.051644827149324155,0.12919893498689333,0.8191562378637826
2,0.02730725884925665,0.14032818052015533,0.832364560630588
2,0.04246262003058417,0.18410164670799067,0.7734357332614251
2,0.05545920589903883,0.2108334072722277,0.7337073868287335
2,0.0312639860847413,0.15225566757491166,0.8164803463403469
1,0.03609732539454906,0.35815039077893485,0.6057522838265161
2,0.054392606358040475,0.4356594844438679,0.5099479091980916
1,0.054392606358040475,0.4356594844438679,0.5099479091980916
1,0.09820891145698206,0.41026982997522393,0.4915212585677941
2,0.03609732539454906,0.35815039077893485,0.6057522838265161
2,0.03609732539454906,0.35815039077893485,0.6057522838265161
0,0.811273119160547,0.0998464514807604,0.0888804293586926
0,0.7842436662893008,0.14159483297203293,0.07416150073866638
2,0.32720104577993964,0.2920720447225397,0.3807269094975207
2,0.14033017015345584,0.11642506365636596,0.7432447661901783
1,0.16246596572441027,0.14738462208477618,0.6901494121908136
2,0.1255495256391568,0.13880674267955198,0.7356437316812912
1,0.1697578834779986,0.4186558797320434,0.41158623678995804
0,0.1373947427892335,0.13468092650326338,0.7279243307075031
2,0.19340183117851792,0.14961039460497302,0.6569877742165091
0,0.22406055452079512,0.1980018863126613,0.5779375591665435
1,0.713614876511194,0.13620950700817253,0.1501756164806334
0,0.6488882596046531,0.21420740666179017,0.13690433373355668
0,0.5074342025288098,0.38252898475196195,0.11003681271922823
1,0.6796883721823163,0.17171843151258334,0.1485931963051004
0,0.701626935232863,0.1387225057866264,0.15965055898051062
0,0.6578922864089939,0.21960674321249776,0.12250097037850836
0,0.7110544806331014,0.12772777376018718,0.1612177456067115
0,0.7020499565754165,0.13727071790033893,0.16067932552424466
2,0.15628407944998204,0.2438423407219902,0.5998735798280277
2,0.22987546843222575,0.18181683498033802,0.5883076965874362
2,0.26645803956076636,0.2016951187341851,0.5318468417050485
2,0.2533871262367727,0.1133369287335665,0.6332759450296609
2,0.19071356328158773,0.2008704831451153,0.608415953573297
2,0.09255092817110082,0.15380601345052133,0.7536430583783779
0,0.4530683343357145,0.1367092922051172,0.4102223734591684
2,0.5151965754644812,0.09215778825337394,0.39264563628214494
0,0.5151965754644812,0.09215778825337394,0.39264563628214494
0,0.43440419967054955,0.13933736732636748,0.426258433003083
2,0.5151965754644812,0.09215778825337394,0.39264563628214494
0,0.5151965754644812,0.09215778825337394,0.39264563628214494
2,0.11568700568681015,0.16275534263917513,0.7215576516740149
2,0.19514911086894418,0.18275770883132508,0.6220931802997307
0,0.16155434552712303,0.3646722113357852,0.47377344313709185
2,0.21748014957901832,0.1547737609930521,0.6277460894279296
1,0.6353589107350627,0.16526324027823394,0.19937784898670347
2,0.5384296199279742,0.2510593827522187,0.21051099731980705
1,0.13101111307297197,0.14566500590814957,0.7233238810188785
2,0.17376806745394163,0.16390867019970795,0.6623232623463504
2,0.09345462835571859,0.1634720309910588,0.7430733406532225
1,0.12502303006747903,0.14526415577568247,0.7297128141568384
2,0.07902713052545562,0.21055405499368313,0.7104188144808613
2,0.13555017829277793,0.18394756918324973,0.6805022525239723
0,0.1282038140213388,0.15853172361932916,0.713264462359332
1,0.16918431638477,0.15650453555906957,0.6743111480561604
2,0.23212356726535843,0.219074449976405,0.5488019827582366
2,0.2724890921864284,0.24136831358516056,0.48614259422841094
0,0.3622229283643183,0.26055339798700655,0.3772236736486752
1,0.400941486752064,0.3822023730162479,0.2168561402316882
2,0.5837837554018497,0.2919582682358512,0.12425797636229921
0,0.30151767503382726,0.41413290009165665,0.2843494248745161
1,0.26828433681674585,0.15651004547284017,0.575205617710414
2,0.23023076324041247,0.3129294706029907,0.4568397661565969
2,0.3738494045808009,0.23263634803941272,0.39351424737978635
0,0.40410349578677085,0.2728222987910614,0.3230742054221677
2,0.21723136367967497,0.45960630741145037,0.32316232890887464
0,0.18338754643919616,0.26247009286933576,0.5541423606914682
1,0.1668322045114994,0.27952566123437134,0.5536421342541292
1,0.18049526635419338,0.2657267076175063,0.5537780260283004
1,0.0702675618214396,0.19136081381221898,0.7383716243663414
1,0.10537210500906145,0.23277405807136614,0.6618538369195724
1,0.06728530319341075,0.5513380578253686,0.38137663898122054
2,0.13630762994753834,0.3953295940319874,0.46836277602047427
1,0.08664871082046444,0.29687624064665363,0.6164750485328819
2,0.10748861898228516,0.3368179751166341,0.5556934059010807
2,0.08013749725367239,0.5453407261120604,0.3745217766342672
1,0.06441889787840055,0.17613132907808074,0.7594497730435187
0,0.8805971462461935,0.08200558444983332,0.03739726930397311
0,0.8960526205772753,0.07676310597726257,0.027184273445461978
0,0.905260489920836,0.0842277773163695,0.01051173276279436
0,0.8828343493439337,0.08420820185435149,0.03295744880171495
0,0.9214744853986997,0.06971114855823297,0.008814366043067358
0,0.9010235448510974,0.07356820182960437,0.0254082533192983
0,0.9050868783382073,0.0717790504728644,0.023134071188928233
1,0.8974037918219747,0.07620513148244537,0.026391076695579916
0,0.8974037918219747,0.07620513148244537,0.026391076695579916
0,0.8974037918219747,0.07620513148244537,0.026391076695579916
0,0.8752571631553924,0.09127113837248771,0.03347169847211997
0,0.8967180627497355,0.07169586278173024,0.031586074468534044
0,0.8805727029725877,0.10871396413949765,0.010713332887914564
1,0.8963408396254965,0.07379435986056801,0.029864800513935426
0,0.898161615128517,0.0760760053608021,0.025762379510680902
0,0.8053164141218097,0.1422995660989658,0.052384019779224494
0,0.9189028077605962,0.07090966256744256,0.010187529671961399
0,0.8309433941214325,0.11447881204127215,0.054577793837295434
0,0.9357659579630093,0.05731887889578069,0.006915163141210036
0,0.8666240154736059,0.08026711222953159,0.053108872296862605
1,0.9001911365163907,0.07561608904859382,0.024192774435015465
0,0.7822096910326082,0.16945695670228803,0.04833335226510371
0,0.9348708239997299,0.0533315932394946,0.011797582760775477
0,0.8989817874031996,0.07240446991460364,0.028613742682196668
0,0.8343086651660404,0.14650618483495842,0.019185149999001103
1,0.8921026848358652,0.0826457096192555,0.02525160554487913
0,0.7548043210309805,0.1781155618661913,0.06708011710282807
1,0.8036600060687658,0.13631962983818977,0.060020364093044495
0,0.6603229655022187,0.19299516727094115,0.14668186722684007
0,0.5870785205238697,0.22232308623088676,0.19059839324524366
1,0.5437037630451171,0.26730438999830086,0.18899184695658197
0,0.34954147975250344,0.22989340164269978,0.42056511860479673
1,0.35936478099616415,0.22641492818225295,0.41422029082158285
2,0.31683113916750005,0.40143389160116455,0.2817349692313354
0,0.6082048193123387,0.3037985291702208,0.08799665151744042
0,0.6383577156371781,0.24088224817598625,0.12076003618683552
1,0.6169658275813337,0.29929123507196775,0.08374293734669855
0,0.6203651852882526,0.2956404287691941,0.08399438594255332
0,0.6491545515602374,0.2694893600032466,0.0813560884365161
0,0.6403264579380524,0.28207555525248523,0.0775979868094624
1,0.638868431244785,0.29163629632583227,0.06949527242938273
0,0.6403902862946182,0.2847733537096724,0.07483635999570937
0,0.5791749421786552,0.2317157136981818,0.18910934412316302
1,0.680862722599911,0.19140238845474591,0.12773488894534302
0,0.6786337829135632,0.1872786799645093,0.1340875371219275
1,0.653793700695188,0.2648421335765619,0.08136416572825016
0,0.8950443295446073,0.07194579867212006,0.03300987178327263
0,0.8430460216501514,0.12221457607115005,0.03473940227869857
0,0.8923390880437566,0.07558129977788343,0.032079612178360056
0,0.931153135258478,0.058219031689611324,0.010627833051910692
0,0.9353580577103233,0.05649878847428348,0.008143153815393118
0,0.9406777830740073,0.050748899207200625,0.00857331771879199
0,0.9018887444724779,0.07011950647946276,0.027991749048059213
0,0.9018887444724779,0.07011950647946276,0.027991749048059213
0,0.9093862054524697,0.0611867901323143,0.029427004415215924
0,0.9557626116828549,0.034508484761214,0.009728903555931114
0,0.9203896795967449,0.053724956783875726,0.025885363619379213
0,0.9203896795967449,0.053724956783875726,0.025885363619379213
0,0.9557626116828549,0.034508484761214,0.009728903555931114
0,0.8872555022463608,0.08136844083579846,0.03137605691784062
0,0.9423753601790236,0.04877352892894501,0.00885111089203146
0,0.9353391357720576,0.057095146510750615,0.007565717717191638
0,0.9018887444724779,0.07011950647946276,0.027991749048059213
0,0.9483317801696411,0.03979840610029764,0.011869813730061329
0,0.8919510974053136,0.08639851003258958,0.021650392562096846
0,0.9201032162729639,0.06306466086909952,0.016832122857936553
1,0.4999436379429764,0.39550047877935446,0.10455588327766926
0,0.5311446464723683,0.36230467846323455,0.1065506750643971
1,0.5873072997894976,0.20483743604362964,0.20785526416687283
0,0.7146662233984136,0.21481077776485155,0.07052299883673491
1,0.135710206978721,0.399206539793794,0.465083253227485
2,0.637707859680737,0.2228053694146627,0.13948677090460032
1,0.27812517764576744,0.2981979273137866,0.42367689504044603
2,0.3461572272336182,0.2857023096054911,0.36814046316089066
2,0.32880869076716646,0.28233445525466233,0.3888568539781712
2,0.5398064518725966,0.26464183967714283,0.19555170845026057
1,0.32426673400880435,0.38649505218995495,0.2892382138012407
2,0.5398064518725966,0.26464183967714283,0.19555170845026057
0,0.33191501112890004,0.3138676020483533,0.3542173868227466
1,0.37235444047163174,0.2631894520602524,0.3644561074681159
0,0.3258500618304447,0.33031595923662904,0.3438339789329262
1,0.3140122494009752,0.3821105542937421,0.30387719630528265
0,0.32101449968483853,0.38140480186846276,0.29758069844669865
0,0.2828955444277939,0.4229179450769334,0.2941865104952726
0,0.4061418663013335,0.38785215183833005,0.2060059818603365
1,0.551016561660368,0.22963347623432886,0.21934996210530308
2,0.29701164490798443,0.374359495508448,0.32862885958356763
2,0.2828955444277939,0.4229179450769334,0.2941865104952726
1,0.29394713685349133,0.4247046245406314,0.2813482386058773
1,0.33191501112890004,0.3138676020483533,0.3542173868227466
0,0.31309678773066496,0.2746083296951145,0.4122948825742206
2,0.33471687282837864,0.3094620919469257,0.35582103522469555
0,0.7505255259619766,0.20273987323185222,0.04673460080617125
1,0.7255218889423668,0.13449242602800232,0.13998568502963088
2,0.07427953895501145,0.14076986166301525,0.7849505993819734
2,0.10309422865202196,0.2217139654692692,0.6751918058787089
2,0.0542022336846018,0.39010636365623086,0.5556914026591674
2,0.0907451435345369,0.18063688058520955,0.7286179758802536
2,0.028434874969732866,0.1201688224781266,0.8513963025521405
2,0.054717915823217333,0.15267873858195463,0.792603345594828
1,0.12627206949079034,0.3396884942174727,0.5340394362917369
2,0.025553468102991795,0.45377073914873534,0.5206757927482728
2,0.0505147989532685,0.15022123611709623,0.7992639649296354
2,0.07501644043496716,0.21433866089677603,0.7106448986682569
2,0.024929619804422837,0.10435456363088155,0.8707158165646955
2,0.026996399322760323,0.4563722478972376,0.5166313527800019
1,0.024929619804422837,0.10435456363088155,0.8707158165646955
2,0.04136188539318353,0.42716739987714514,0.5314707147296712
2,0.0721478845967285,0.14420807317114342,0.7836440422321279
2,0.05704053539312182,0.2205054784360139,0.7224539861708644
2,0.07718265465827902,0.12248227151481413,0.8003350738269068
2,0.157180991842429,0.19977043389806634,0.6430485742595047
2,0.09843549995338907,0.1566465844688677,0.7449179155777432
2,0.09843549995338907,0.1566465844688677,0.7449179155777432
0,0.726268069265107,0.20812356982788469,0.06560836090700811
0,0.8361730787514927,0.12624816529185598,0.03757875595665126
0,0.8631393761806863,0.10516167448208746,0.03169894933722616
1,0.9087285083681717,0.07861511505537792,0.012656376576450402
0,0.83204773442588,0.14323749782131262,0.024714767752807357
0,0.8217607235068597,0.1512911958937994,0.02694808059934088
0,0.9182338743582363,0.06291458272161027,0.018851542920153397
0,0.9145812459580483,0.06969440245360686,0.015724351588344773
0,0.8642789236849452,0.08603899126183653,0.04968208505321833
0,0.9182338743582363,0.06291458272161027,0.018851542920153397
0,0.959032080840685,0.03423850707449007,0.006729412084824799
0,0.9303370922844559,0.050234470277150424,0.01942843743839379
0,0.9227121282860836,0.06137107681135732,0.015916794902559143
0,0.8642789236849452,0.08603899126183653,0.04968208505321833
0,0.9089975278855481,0.0715992858115065,0.019403186302945376
0,0.9540809273918375,0.03761062475312078,0.00830844785504174
0,0.9037720535361408,0.0741407102535287,0.02208723621033049
0,0.8438820133256361,0.13224364152556228,0.023874345148801778
0,0.9224754614894066,0.06265461177932063,0.014869926731272737
0,0.8438820133256361,0.13224364152556228,0.023874345148801778
0,0.804004788275677,0.16472116049162286,0.03127405123270005
0,0.8801533665621079,0.08797680237618433,0.03186983106170787
0,0.8388975957627194,0.12538194965333335,0.03572045458394727
0,0.8416385324704262,0.11430180002793912,0.0440596675016348
0,0.8907591538459585,0.08352908695746682,0.025711759196574712
1,0.9069950727898543,0.08010738851158716,0.012897538698558546
0,0.9556627850282082,0.03806337735171667,0.00627383762007518
0,0.9406748652700405,0.04468102391020503,0.014644110819754492
0,0.9040205899580693,0.07017815579781617,0.025801254244114526
0,0.9063453517490064,0.06980094374055565,0.023853704510437855
0,0.9156362739983085,0.06408409197772955,0.020279634023961955
0,0.9260394467329286,0.055584525903286386,0.018376027363784925
0,0.9656076533697143,0.028577505313072595,0.005814841317213067
0,0.9394223080971622,0.04515313475956186,0.015424557143275933
0,0.9223879015397314,0.05710853404264881,0.0205035644176199
0,0.9406748652700405,0.04468102391020503,0.014644110819754492
0,0.9223879015397314,0.05710853404264881,0.0205035644176199
0,0.9288755088796364,0.05242959762746545,0.018694893492897997
0,0.9443569994428902,0.039602807173014856,0.016040193384094834
0,0.9288755088796364,0.05242959762746545,0.018694893492897997
0,0.9407952272926376,0.051596017079789336,0.0076087556275730075
0,0.931993054853418,0.04966461852432302,0.018342326622258973
0,0.9458580345473611,0.04296326271747256,0.011178702735166366
0,0.9356286619810832,0.04455021085316807,0.01982112716574866
0,0.9223879015397314,0.05710853404264881,0.0205035644176199
0,0.9528248946062104,0.03569305723094304,0.01148204816284646
0,0.9384836993585254,0.04654640078987204,0.014969899851602702
0,0.9528248946062104,0.03569305723094304,0.01148204816284646
0,0.9377717255589896,0.04764443357190764,0.014583840869102749
0,0.9528248946062104,0.03569305723094304,0.01148204816284646
0,0.9579888629384695,0.031806829044346896,0.01020430801718372
0,0.9448318395088944,0.04895312705195209,0.006215033439153504
0,0.9280748838062804,0.054200561490853914,0.01772455470286562
0,0.9280748838062804,0.054200561490853914,0.01772455470286562
0,0.8977050346319052,0.0775306054898605,0.024764359878234134
1,0.9453931388501783,0.04086264433525069,0.013744216814570975
0,0.9505159802715075,0.03739784315844375,0.012086176570048717
0,0.9265782172996587,0.05656192372103161,0.01685985897930959
0,0.941816580544733,0.04377521727200107,0.014408202183265743
0,0.9265782172996587,0.05656192372103161,0.01685985897930959
0,0.941816580544733,0.04377521727200107,0.014408202183265743
0,0.9327262388030142,0.05190723291515678,0.015366528281828823
0,0.942610907467358,0.042551920083570956,0.014837172449071205
0,0.942610907467358,0.042551920083570956,0.014837172449071205
0,0.9406748652700405,0.04468102391020503,0.014644110819754492
0,0.9510124941348523,0.036858461442473275,0.012129044422674557
0,0.9406748652700405,0.04468102391020503,0.014644110819754492
0,0.9406748652700405,0.04468102391020503,0.014644110819754492
0,0.9165906347502139,0.06391535438873047,0.019494010861055722
1,0.9394649326288966,0.045491257239124935,0.015043810131978473
0,0.9327262388030142,0.05190723291515678,0.015366528281828823
0,0.931674853938002,0.05229926938222848,0.01602587667976971
0,0.9456859865119248,0.04032054593497298,0.013993467553102235
0,0.9513204943512003,0.03758270378845189,0.011096801860347895
0,0.9276882912585026,0.05281759860538994,0.019494110136107495
0,0.9514552831477637,0.03761302161124082,0.010931695240995474
0,0.931674853938002,0.05229926938222848,0.01602587667976971
0,0.9430395233086232,0.04115219492897442,0.015808281762402378
0,0.9510124941348523,0.036858461442473275,0.012129044422674557
0,0.9705632836295456,0.024532085943522873,0.004904630426931566
0,0.970812420452849,0.024811605393544104,0.004375974153606912
0,0.9406748652700405,0.04468102391020503,0.014644110819754492
0,0.9327262388030142,0.05190723291515678,0.015366528281828823
0,0.9327262388030142,0.05190723291515678,0.015366528281828823
0,0.9249004361964981,0.05818583872138289,0.01691372508211912
0,0.9442169029330417,0.040970702452330116,0.014812394614628271
0,0.9526793755663897,0.036076293923283306,0.011244330510326942
0,0.9449896896416745,0.04025964525624134,0.014750665102084325
0,0.9513204943512003,0.03758270378845189,0.011096801860347895
0,0.9387872241551053,0.04407879548587906,0.017133980359015706
0,0.946194906657491,0.039427102315588984,0.014377991026919992
0,0.9513204943512003,0.03758270378845189,0.011096801860347895
0,0.962444536802889,0.0311111556582802,0.00644430753883062
0,0.962444536802889,0.0311111556582802,0.00644430753883062
0,0.9387872241551053,0.04407879548587906,0.017133980359015706
0,0.9513204943512003,0.03758270378845189,0.011096801860347895
0,0.9387872241551053,0.04407879548587906,0.017133980359015706
0,0.9610126185390678,0.033432053917715705,0.005555327543216269
0,0.9406748652700405,0.04468102391020503,0.014644110819754492
0,0.9327262388030142,0.05190723291515678,0.015366528281828823
0,0.941816580544733,0.04377521727200107,0.014408202183265743
0,0.9406748652700405,0.04468102391020503,0.014644110819754492
0,0.9327262388030142,0.05190723291515678,0.015366528281828823
0,0.9327262388030142,0.05190723291515678,0.015366528281828823
0,0.9436980788761884,0.041803992199664144,0.014497928924147618
0,0.9406748652700405,0.04468102391020503,0.014644110819754492
2,0.9406748652700405,0.04468102391020503,0.014644110819754492
0,0.9169521556041267,0.06639108089273843,0.016656763503134882
0,0.9327262388030142,0.05190723291515678,0.015366528281828823
0,0.9644292136555437,0.02995260136701412,0.00561818497744223
0,0.9632613053992051,0.029613689307612087,0.007125005293182859
0,0.9422905327319386,0.0426804723624849,0.01502899490557632
0,0.9623808428500757,0.031129372635488272,0.006489784514435934
0,0.9357655431565254,0.04951178855505512,0.01472266828841934
0,0.9357655431565254,0.04951178855505512,0.01472266828841934
0,0.9360288102774714,0.04926669762532774,0.01470449209720087
1,0.9422905327319386,0.0426804723624849,0.01502899490557632
1,0.9357655431565254,0.04951178855505512,0.01472266828841934
0,0.9422905327319386,0.0426804723624849,0.01502899490557632
0,0.9332814763112979,0.052187741411884564,0.01453078227681756
0,0.9332814763112979,0.052187741411884564,0.01453078227681756
1,0.9442481843452777,0.0416411589834968,0.01411065667122554
0,0.9357655431565254,0.04951178855505512,0.01472266828841934
0,0.9442481843452777,0.0416411589834968,0.01411065667122554
0,0.9360288102774714,0.04926669762532774,0.01470449209720087
0,0.9473002455116742,0.04356780798927093,0.009131946499054822
0,0.9357655431565254,0.04951178855505512,0.01472266828841934
0,0.9422905327319386,0.0426804723624849,0.01502899490557632
0,0.9357655431565254,0.04951178855505512,0.01472266828841934
0,0.9422905327319386,0.0426804723624849,0.01502899490557632
0,0.9357655431565254,0.04951178855505512,0.01472266828841934
0,0.9510124941348523,0.036858461442473275,0.012129044422674557
0,0.9428199676356824,0.04414217529705792,0.013037857067259724
0,0.9332814763112979,0.052187741411884564,0.01453078227681756
0,0.9386785464038695,0.047767504841397274,0.013553948754733224
0,0.9357655431565254,0.04951178855505512,0.01472266828841934
0,0.744397268951547,0.18303088137355672,0.07257184967489631
0,0.4399223318902736,0.14344478627981938,0.416632881829907
1,0.8181640530520042,0.1191616892794214,0.06267425766857418
2,0.41285441912410853,0.1516384584047442,0.43550712247114737
1,0.767309146393108,0.15926465186308883,0.07342620174380328
2,0.7968961746852677,0.1435453998464236,0.059558425468308494
2,0.6108479466944782,0.20169990332203663,0.18745214998348514
0,0.3256709103426766,0.18458456518867228,0.4897445244686511
2,0.5768696764649269,0.22206760660457642,0.20106271693049663
0,0.5342489366168574,0.23260329791692194,0.23314776546622062
0,0.3566793948178676,0.2676141927011401,0.3757064124809923
0,0.36798001417132453,0.18855353869097824,0.44346644713769734
1,0.34318754876243207,0.4400174566627432,0.21679499457482468
0,0.2071577179340594,0.355409053337999,0.43743322872794166
2,0.35126972441536636,0.15450979644401544,0.49422047914061823
2,0.4104939162915858,0.14986967217627753,0.4396364115321366
0,0.6766435200476361,0.12279087376938529,0.20056560618297858
0,0.8030373022712722,0.09820165733898334,0.09876104038974423
0,0.763276430539414,0.13435050362734932,0.10237306583323662
0,0.7293796962765144,0.15666619981975932,0.11395410390372619
1,0.7391285486528959,0.13825174499030002,0.12261970635680398
0,0.7372033074359186,0.1517702990301483,0.11102639353393308
0,0.5993886263523639,0.2456054986750386,0.15500587497259746
0,0.6645286962247581,0.1906991017029572,0.1447722020722847
0,0.8149379252476634,0.12818154716717464,0.05688052758516197
0,0.7428041651954964,0.1561910314635871,0.10100480334091647
0,0.8876292485013115,0.0634213631507768,0.048949388347911654
0,0.6923876894726788,0.15550595853081942,0.15210635199650163
0,0.8529957721435902,0.09441103630324088,0.052593191553168855
0,0.7981556899116475,0.16583432508686935,0.03600998500148306
0,0.8785743120883072,0.08498848091226749,0.036437206999425306
0,0.8423931708283312,0.09850857988771097,0.05909824928395776
1,0.8423931708283312,0.09850857988771097,0.05909824928395776
1,0.8450920449131988,0.11944817468322791,0.03545978040357325
0,0.8620869074646337,0.1057070279706892,0.03220606456467697
0,0.8620869074646337,0.1057070279706892,0.03220606456467697
0,0.8743334020199613,0.08672946506079998,0.038937132919238705
0,0.8203056690452674,0.1439035428348978,0.0357907881198349
0,0.8679216851308237,0.08435362616861504,0.04772468870056115
0,0.8623730866511616,0.09273774616127826,0.04488916718755998
0,0.8931857469066677,0.08970883964793701,0.017105413445395116
0,0.8739356624704344,0.08694280347955799,0.03912153405000762
0,0.9190546646423875,0.06677240795020542,0.014172927407407096
0,0.8521580107654224,0.09661658432688003,0.05122540490769755
0,0.9130836209956147,0.07254580107731148,0.014370577927073932
0,0.689700805798825,0.18821840030701892,0.122080793894156
2,0.7731191417524531,0.16942541999929772,0.05745543824824918
0,0.8701417947576201,0.09056721914527605,0.03929098609710376
0,0.7941617427255583,0.1578393736057547,0.04799888366868693
1,0.8159542033318519,0.14520412718990913,0.03884166947823919
2,0.8951927288593782,0.07486602300124172,0.02994124813938006
0,0.8611913748191931,0.09751712938918641,0.041291495791620496
0,0.8739356624704344,0.08694280347955799,0.03912153405000762
0,0.8364356699113632,0.14454632015306584,0.01901800993557092
0,0.8729754997466536,0.09732136532048805,0.029703134932858227
0,0.8729754997466536,0.09732136532048805,0.029703134932858227
0,0.8700605023191378,0.09041297300505488,0.0395265246758074
0,0.8700605023191378,0.09041297300505488,0.0395265246758074
0,0.8156801059813116,0.13781065944979318,0.04650923456889533
0,0.7868939146279232,0.16273819546120094,0.05036788991087587
0,0.3460072357738679,0.408530967225309,0.24546179700082313
1,0.11931932595280866,0.1274270122223031,0.7532536618248882
0,0.7161240142793162,0.12362605104136351,0.16024993467932036
0,0.8204434749150413,0.12584258697387488,0.05371393811108384
0,0.689700805798825,0.18821840030701892,0.122080793894156
0,0.8460148236358249,0.10740551465935189,0.04657966170482316
2,0.5778380756503086,0.26288787737526487,0.15927404697442651
0,0.8195206131952281,0.11579313517100416,0.06468625163376768
1,0.6896009312478978,0.15398344242762385,0.1564156263244783
0,0.782907327535614,0.16434548439153188,0.05274718807285419
0,0.9422905327319386,0.0426804723624849,0.01502899490557632
0,0.9252225485206149,0.05025099550691383,0.02452645597247134
0,0.17603986071081396,0.18881966205660525,0.6351404772325808
2,0.029017390436411477,0.1914656640149061,0.7795169455486824
0,0.9321400838676448,0.05576655650280314,0.01209335962955205
1,0.025238185177175625,0.16090506112061406,0.8138567537022103
1,0.9610899788399151,0.032345998075939006,0.006564023084145982
0,0.8476193255185234,0.11148482890212072,0.04089584557935597
1,0.46048010193682515,0.24115249464694832,0.29836740341622653
1,0.8099165006445227,0.1341275389457283,0.05595596040974904
1,0.38450232941791135,0.2632408195963065,0.35225685098578213
0,0.7954452165398094,0.13138153683658857,0.073173246623602
0,0.8167113224513628,0.1346402165427618,0.04864846100587536
0,0.8415102672120415,0.1157080916998657,0.04278164108809276
1,0.03894031898015575,0.35593527182474544,0.6051244091950988
0,0.9562575720358625,0.03932381643111128,0.004418611533026406
0,0.772224860947571,0.15610193649532422,0.07167320255710478
1,0.060306778195495916,0.41216359370053324,0.5275296281039709
0,0.8944474339488702,0.07886573501341505,0.02668683103771483
2,0.11782315848705195,0.2839405225623228,0.5982363189506252
0,0.9329011492417375,0.05424255588175453,0.012856294876508047
2,0.21275603355537812,0.2865818790391006,0.5006620874055213
0,0.9469619848048366,0.04403181943677629,0.009006195758387226
0,0.9357363341648832,0.046889726485626046,0.01737393934949058
2,0.1842906488071275,0.311543281846162,0.5041660693467105
0,0.9240169828219538,0.05350383869833456,0.02247917847971166
0,0.9413526153239384,0.04443826231720304,0.014209122358858624
0,0.6977960065334519,0.1645063096526261,0.13769768381392192
0,0.20292675248757971,0.1753802070670486,0.6216930404453717
0,0.7483202329324201,0.16783364537302822,0.0838461216945516
2,0.03316670998449696,0.07109636437805351,0.8957369256374494
2,0.168529283480993,0.18637018355860568,0.6451005329604013
2,0.33998402497703345,0.2057811036694743,0.4542348713534923
1,0.9322559122979203,0.053469274996424156,0.014274812705655508
1,0.18066012055227043,0.5344531739307252,0.28488670551700435
1,0.9498763685641121,0.03857964472067662,0.011543986715211365
0,0.6888545886083799,0.18419980131579014,0.12694561007582988
0,0.8723463975776137,0.11560640703837065,0.012047195384015622
0,0.8389306696577383,0.09515816400853463,0.06591116633372696
1,0.8074756245495299,0.12895869204002336,0.06356568341044688
2,0.2773020626389374,0.23495431307197337,0.4877436242890892
2,0.07824047950445763,0.22911299102560131,0.6926465294699411
0,0.5148446369284727,0.24486320647647192,0.24029215659505537
1,0.8635662590753221,0.12631451838632973,0.010119222538348075
0,0.882245376872882,0.08374081944943144,0.034013803677686576
0,0.45554243588488763,0.12458571625358711,0.4198718478615252
0,0.16387199377575734,0.20239538830212492,0.6337326179221178
0,0.5608440481775467,0.3380900274307707,0.10106592439168262
0,0.8037904243815267,0.14635916823203476,0.04985040738643847
0,0.6996982061568657,0.19126643667541524,0.10903535716771909
2,0.6224040910775451,0.20076395451115717,0.17683195441129773
1,0.4763852689578126,0.24794696116251216,0.27566776987967534
0,0.9445168047089639,0.040474484092207205,0.01500871119882891
2,0.0951539131780383,0.2242055161681636,0.6806405706537981
1,0.8416385324704262,0.11430180002793912,0.0440596675016348
0,0.5477652325657796,0.31950832615724306,0.1327264412769773
0,0.9513204943512003,0.03758270378845189,0.011096801860347895
0,0.7901969284507862,0.15662455510138473,0.05317851644782919
0,0.279946660728385,0.13959064238102956,0.5804626968905855
0,0.9234357984154139,0.0585726631255689,0.017991538459017218
1,0.52041597950107,0.41032461419696087,0.06925940630196922
0,0.8492478361627145,0.10447419312830339,0.04627797070898201
0,0.8478587186796525,0.11044547202650697,0.04169580929384074
1,0.4376128688007612,0.2985295242912717,0.263857606907967
2,0.5411012460634941,0.2650475831975719,0.19385117073893401
1,0.04075210247361752,0.11911893852495849,0.840128959001424
2,0.0751830417877382,0.1640452978801249,0.760771660332137
1,0.2821519038439568,0.39895675413810733,0.31889134201793584
0,0.22664006116668958,0.24570503963000023,0.5276548992033102
2,0.13353327430691941,0.21625188776821555,0.6502148379248649
0,0.770196354532577,0.1676078228538674,0.062195822613555676
0,0.8616905469934303,0.0950436672509826,0.043265785755587115
2,0.051184253329672025,0.1235702183997838,0.8252455282705441
2,0.0705410166355784,0.441086710284286,0.4883722730801357
1,0.798621199828203,0.12181000704528902,0.07956879312650803
0,0.35898896743649694,0.35749404043132627,0.2835169921321768
0,0.8695785942200517,0.07712774087305414,0.05329366490689417
0,0.9303596681662382,0.050939598527961254,0.018700733305800746
2,0.04763898253023093,0.16466043880863462,0.7877005786611344
2,0.13707882343623307,0.18255947397218653,0.6803617025915804
0,0.9435734069227985,0.043502677955790305,0.012923915121411321
2,0.057200141971489364,0.19888892029459374,0.743910937733917
1,0.07818719518244997,0.11156815392613006,0.81024465089142
0,0.8320247309754744,0.14307235784504826,0.0249029111794773
2,0.08521984686361202,0.18980738052099247,0.7249727726153955
0,0.9117662515840198,0.060478571961005125,0.027755176454974946
0,0.687627202294717,0.16900491945825044,0.14336787824703262
0,0.6552377066656984,0.20244319453171847,0.14231909880258325
0,0.9344331026505529,0.04703975021522597,0.018527147134221086
2,0.11779167681896333,0.12309160750344103,0.7591167156775955
2,0.033303201635917976,0.205464535889169,0.7612322624749132
0,0.12702655584014683,0.24518896170093854,0.6277844824589147
0,0.29060199223038957,0.41133036056037653,0.2980676472092338
