target,prediction_-1,prediction_0,prediction_1
2,0.38691594080639996,0.2621414050337805,0.3509426541598196
0,0.10323017407502885,0.20093271858795644,0.6958371073370146
1,0.24888133193607484,0.2929152032792089,0.4582034647847163
1,0.2047875590864013,0.3132746636915929,0.4819377772220057
2,0.18293611049063263,0.32568986405530226,0.4913740254540651
2,0.09683783377836788,0.31630791392326374,0.5868542522983684
1,0.08964857474547437,0.3437684663831027,0.566582958871423
1,0.13902312024891647,0.34191440159167985,0.5190624781594038
2,0.13902312024891647,0.34191440159167985,0.5190624781594038
2,0.08964857474547437,0.3437684663831027,0.566582958871423
2,0.16440156622736213,0.3297491397400992,0.5058492940325386
2,0.2358079788484901,0.29149242055770835,0.4726996005938015
0,0.7784311143270483,0.12260276932658941,0.0989661163463624
0,0.7198723135956128,0.16464704501597752,0.11548064138840967
0,0.7685171534847058,0.14563512686153382,0.08584771965376037
0,0.8789182840953297,0.07274338107684948,0.04833833482782079
2,0.138269694917055,0.2309013745341709,0.6308289305487741
1,0.138269694917055,0.2309013745341709,0.6308289305487741
0,0.1481564328941673,0.2350690290259668,0.6167745380798659
1,0.19532817280494977,0.18868471932406872,0.6159871078709815
2,0.1253371709590549,0.15494938035780473,0.7197134486831404
2,0.1513658868408795,0.2122158556618192,0.6364182574973014
2,0.19532817280494977,0.18868471932406872,0.6159871078709815
2,0.14028119973199826,0.14001083413334608,0.7197079661346556
1,0.1116852322811565,0.16456063722351735,0.7237541304953261
2,0.2533270673158574,0.24989404393993678,0.4967788887442058
2,0.19532817280494977,0.18868471932406872,0.6159871078709815
2,0.1566889924142196,0.2122125372241749,0.6310984703616055
2,0.19532817280494977,0.18868471932406872,0.6159871078709815
0,0.160754288177035,0.1767632677378803,0.6624824440850846
2,0.16295132212922625,0.16417631297685958,0.6728723648939141
2,0.1241536308650106,0.1879891259177598,0.6878572432172296
2,0.16578734383206742,0.25133620284141583,0.5828764533265167
1,0.10281572551364439,0.19475032363902522,0.7024339508473305
1,0.19532817280494977,0.18868471932406872,0.6159871078709815
1,0.11909855589869514,0.18719102239026994,0.693710421711035
0,0.19532817280494977,0.18868471932406872,0.6159871078709815
0,0.11909855589869514,0.18719102239026994,0.693710421711035
2,0.2016976982203525,0.17088212861225352,0.627420173167394
2,0.23727867561893395,0.20179589268793174,0.5609254316931342
2,0.22565162928014545,0.20658328997135456,0.5677650807485
2,0.18296202741881015,0.15460211264958595,0.6624358599316038
2,0.11249005181189602,0.15216202751527183,0.7353479206728322
2,0.1529978774779408,0.17656110919927578,0.6704410133227834
1,0.19532817280494977,0.18868471932406872,0.6159871078709815
2,0.19532817280494977,0.18868471932406872,0.6159871078709815
0,0.8393554448308029,0.10469242273514391,0.05595213243405314
0,0.7986718272860013,0.13092996896298234,0.07039820375101641
0,0.8757375902070026,0.0835853769539387,0.040677032839058685
0,0.8433445476900913,0.10912284116050684,0.04753261114940201
0,0.8365404474446333,0.10868501252705798,0.05477454002830872
0,0.8126183791013604,0.11883387355682194,0.06854774734181768
0,0.8126183791013604,0.11883387355682194,0.06854774734181768
0,0.8457664501857878,0.10714162689268186,0.047091922921530346
0,0.8822710136023134,0.0781551005380585,0.03957388585962811
0,0.7966959402012613,0.12850858898409853,0.07479547081464015
0,0.8522814586057347,0.10939025033424708,0.03832829106001819
0,0.8417762928734243,0.1159119143856135,0.04231179274096221
2,0.18720224479254238,0.1809429019511434,0.6318548532563142
2,0.30158158834715254,0.2314375430251535,0.4669808686276939
2,0.08744368717105723,0.16980395043485766,0.7427523623940852
1,0.18720224479254238,0.1809429019511434,0.6318548532563142
2,0.22309315734191565,0.20108132371659446,0.5758255189414899
2,0.22309315734191565,0.20108132371659446,0.5758255189414899
2,0.1209864615274554,0.31022578916334587,0.5687877493091986
2,0.10373758934306004,0.3204237766791968,0.5758386339777432
0,0.8157808825527111,0.12402786653961857,0.06019125090767035
0,0.8147914828745815,0.12007862024121219,0.06512989688420624
0,0.8157808825527111,0.12402786653961857,0.06019125090767035
0,0.8827974261804689,0.08026589462955767,0.0369366791899736
0,0.8147914828745815,0.12007862024121219,0.06512989688420624
0,0.860592501695974,0.08092049262464839,0.05848700567937769
0,0.8827974261804689,0.08026589462955767,0.0369366791899736
0,0.8157808825527111,0.12402786653961857,0.06019125090767035
1,0.874927591762687,0.09513246134207688,0.02993994689523613
0,0.8437461473779626,0.10905661941833218,0.04719723320370508
0,0.8124608749054018,0.1112821650764792,0.0762569600181192
0,0.8565336681447115,0.1027587699722169,0.04070756188307161
1,0.8370732693625698,0.11422772283366733,0.04869900780376299
0,0.7129471766094555,0.15650459129519828,0.13054823209534616
0,0.8072494621797249,0.12079664793215013,0.07195388988812486
0,0.7122138895254233,0.15479002121381555,0.13299608926076115
0,0.8046022162926617,0.12471738874480795,0.07068039496253034
0,0.8126011264401437,0.12715983396143526,0.06023903959842107
0,0.7567481353125874,0.17102754147982543,0.07222432320758708
2,0.76234672100527,0.17479125858401962,0.06286202041071046
1,0.8133687786772446,0.12258848542428498,0.06404273589847055
0,0.8679574500483472,0.10128725191293793,0.03075529803871488
0,0.8614283756988824,0.10329923825502393,0.03527238604609369
0,0.861917390815542,0.08890545646967643,0.04917715271478154
0,0.8526853964151601,0.1017856229967464,0.04552898058809355
0,0.8383108323978067,0.11381869084968266,0.047870476752510736
1,0.891978994569523,0.07595052318572684,0.03207048224475024
0,0.8794387347407857,0.08160314150003135,0.038958123759182964
0,0.8157808825527111,0.12402786653961857,0.06019125090767035
0,0.8537587268576315,0.10160334510294008,0.044637928039428336
0,0.8046541765748355,0.15482198102780026,0.040523842397364264
1,0.828599512420157,0.11975375683601155,0.05164673074383167
0,0.828599512420157,0.11975375683601155,0.05164673074383167
0,0.8537587268576315,0.10160334510294008,0.044637928039428336
0,0.8157808825527111,0.12402786653961857,0.06019125090767035
0,0.8284400708916184,0.11938547898552264,0.05217445012285885
0,0.8267676858348904,0.11634444157105613,0.05688787259405355
0,0.8635991579283302,0.09598703249794825,0.040413809573721655
0,0.8242307319289757,0.12112197196186089,0.05464729610916343
0,0.8781092778190287,0.07589037668609269,0.04600034549487857
0,0.8323319870849114,0.10020789225537569,0.06746012065971288
0,0.858967663441098,0.08131900842698342,0.05971332813191874
0,0.8303681263161223,0.09250483813400039,0.07712703554987717
0,0.8627172960049095,0.10374546394337678,0.03353724005171373
0,0.8667830798167708,0.10086584038638333,0.03235107979684585
2,0.115400955729867,0.14680329004595874,0.7377957542241743
2,0.10268990403668281,0.15239124281917568,0.7449188531441415
2,0.09319664687836515,0.16342689729982085,0.743376455821814
2,0.08198700589495113,0.17186344594201747,0.7461495481630314
2,0.10081883197732992,0.16664146911999408,0.7325396989026759
2,0.1222189264710219,0.12367333904715086,0.7541077344818273
2,0.06903498382307886,0.2702285362008321,0.6607364799760891
2,0.06872630399920085,0.12541645709276766,0.8058572389080314
2,0.0785080706029638,0.17207192208757774,0.7494200073094585
2,0.06872630399920085,0.12541645709276766,0.8058572389080314
2,0.06903498382307886,0.2702285362008321,0.6607364799760891
2,0.06872630399920085,0.12541645709276766,0.8058572389080314
2,0.08996703867178425,0.10490925994532277,0.805123701382893
2,0.08354882466461708,0.18498001664589783,0.7314711586894851
2,0.09703535884438733,0.16063355078990957,0.7423310903657031
2,0.09319664687836515,0.16342689729982085,0.743376455821814
2,0.08550212931210807,0.18202466065343748,0.7324732100344544
2,0.08014244025423836,0.16179472303203035,0.7580628367137313
2,0.05344875626601308,0.1310758751463446,0.8154753685876422
2,0.07376946064006133,0.07000256542913087,0.8562279739308077
2,0.06322438939943033,0.13799495170579387,0.7987806588947757
2,0.07771319017723749,0.07416416647410799,0.8481226433486545
2,0.09656670363060534,0.1837367058596807,0.719696590509714
2,0.06322438939943033,0.13799495170579387,0.7987806588947757
2,0.0899470631886302,0.18970441156733214,0.7203485252440377
2,0.09682223221598098,0.1599994447321069,0.7431783230519121
2,0.09319664687836515,0.16342689729982085,0.743376455821814
1,0.09319664687836515,0.16342689729982085,0.743376455821814
2,0.1068875847072172,0.19035617734755872,0.7027562379452241
2,0.10081883197732992,0.16664146911999408,0.7325396989026759
0,0.10620081170261261,0.2003741997709645,0.6934249885264229
2,0.15774278558722593,0.2039379585039381,0.638319255908836
0,0.07891506101463684,0.1536987829794598,0.7673861560059032
2,0.09319664687836515,0.16342689729982085,0.743376455821814
2,0.13403414975701636,0.1488166357306659,0.7171492145123177
2,0.07241612976714981,0.18281314050566785,0.7447707297271824
1,0.13403414975701636,0.1488166357306659,0.7171492145123177
0,0.07091718919016546,0.2446363559160223,0.6844464548938122
2,0.09996805991495002,0.20812111751844672,0.6919108225666032
1,0.09532635973207025,0.20294027169476292,0.7017333685731668
2,0.09972610967735879,0.14092797812817714,0.759345912194464
2,0.10268990403668281,0.15239124281917568,0.7449188531441415
2,0.04787712069864262,0.14508431919091386,0.8070385601104435
2,0.0634560355444085,0.1652488387792997,0.7712951256762919
2,0.0350382561260651,0.10520875637658232,0.8597529874973525
2,0.0388266337168978,0.1554518229969042,0.8057215432861979
1,0.0762619653648948,0.18885336364475497,0.7348846709903502
1,0.0717162448901926,0.18089964315862236,0.747384111951185
2,0.056813958541808256,0.25085867216202345,0.6923273692961683
2,0.07999636756483577,0.19176930815872636,0.7282343242764379
2,0.07999636756483577,0.19176930815872636,0.7282343242764379
2,0.06683016992133267,0.31290034696086694,0.6202694831178004
2,0.04244500419261477,0.10757517100320092,0.8499798248041843
2,0.03448685616243911,0.20551020163940445,0.7600029421981563
2,0.07799902738267528,0.1821516876784833,0.7398492849388414
1,0.0416266109680099,0.07876854601365398,0.8796048430183362
2,0.039052926342520514,0.13664936480568804,0.8242977088517914
2,0.04393939114196338,0.16773987496462128,0.7883207338934153
2,0.07511105153189958,0.19716203293163884,0.7277269155364616
2,0.03431477309259359,0.1918726174123973,0.7738126094950091
1,0.0517437907275295,0.45548612786641623,0.4927700814060543
2,0.08153333787812575,0.21224996421075618,0.7062166979111182
1,0.08153333787812575,0.21224996421075618,0.7062166979111182
1,0.06596592131608017,0.36786573641263387,0.566168342271286
2,0.0517437907275295,0.45548612786641623,0.4927700814060543
2,0.0517437907275295,0.45548612786641623,0.4927700814060543
0,0.7979097611476705,0.12082672558254792,0.08126351326978148
0,0.8157808825527111,0.12402786653961857,0.06019125090767035
2,0.24244758198695784,0.313841028305266,0.4437113897077762
2,0.3652016704394055,0.1708633147752455,0.463935014785349
1,0.25404598994146044,0.20703535745115445,0.5389186526073851
2,0.31648639500346076,0.18541759477936443,0.4980960102171748
1,0.18903060371334177,0.25926526912089803,0.5517041271657602
0,0.1910564311013625,0.1380627198315944,0.670880849067043
2,0.3653184902842984,0.22574351187765818,0.40893799783804347
0,0.2648228804029914,0.27949263682093856,0.4556844827760701
1,0.6627994609957426,0.15495683395136736,0.18224370505288998
0,0.6760298545513256,0.1846596473781194,0.13931049807055493
0,0.6123882167167174,0.21855637852318807,0.16905540476009448
1,0.6500625569575129,0.14423429177631286,0.2057031512661742
0,0.6649402262067696,0.17836175265990703,0.15669802113332343
0,0.6872465908430146,0.17773074113705467,0.1350226680199307
0,0.6082412497900951,0.1583838031948434,0.23337494701506148
0,0.6289473199695867,0.1572140762372419,0.21383860379317127
2,0.24908437911264453,0.24015276852419495,0.5107628523631605
2,0.17364688025845368,0.22234786621854888,0.6040052535229975
2,0.2782710542523059,0.20332055876176297,0.5184083869859311
2,0.1936461872716684,0.1933432290897442,0.6130105836385874
2,0.11842989949495825,0.18345967208835115,0.6981104284166906
2,0.2962334806017388,0.22980624475933611,0.4739602746389249
0,0.27569317776244734,0.23970453307348236,0.4846022891640703
2,0.4328379586999999,0.14348329622231076,0.4236787450776892
0,0.4285004720734469,0.14349621786652195,0.4280033100600311
0,0.27569317776244734,0.23970453307348236,0.4846022891640703
2,0.4536738075472546,0.17817616016855667,0.36815003228418874
0,0.41571888172471305,0.21202740797804212,0.3722537102972447
2,0.13477206379850157,0.21160107000393488,0.6536268661975636
2,0.15794475511471734,0.23006110902542315,0.6119941358598596
0,0.18903060371334177,0.25926526912089803,0.5517041271657602
2,0.3653184902842984,0.22574351187765818,0.40893799783804347
1,0.5866060367178317,0.20715194613483442,0.20624201714733376
2,0.700297650986595,0.1805520951413522,0.11915025387205283
1,0.18229286715009552,0.21981867718459958,0.597888455665305
2,0.17501123129241455,0.19490858016067947,0.6300801885469061
2,0.1179427557371958,0.2094140511857724,0.6726431930770318
1,0.130294124023547,0.19284817183445646,0.6768577041419964
2,0.08618702467770077,0.26146520338471646,0.6523477719375828
2,0.09424134321276081,0.24133453025013213,0.6644241265371071
0,0.2060855094373929,0.22063147355325696,0.5732830170093501
1,0.24615090199364506,0.1481155193652313,0.6057335786411236
2,0.2427517318992106,0.22989018172633222,0.5273580863744572
2,0.2805637499167514,0.2636066563229998,0.45582959376024873
0,0.25370969276465444,0.3171821865816459,0.42910812065369963
1,0.481835528210527,0.2969394077748991,0.22122506401457387
2,0.6259259030465287,0.21094474288102355,0.1631293540724478
0,0.29906973134355286,0.33650819098381296,0.3644220776726342
1,0.27569078725438917,0.21024310768180154,0.5140661050638093
2,0.2722919340486562,0.42246288159377327,0.3052451843575706
2,0.41095208629828256,0.24040216091086392,0.34864575279085347
0,0.46631703343199626,0.2076594516084958,0.326023514959508
2,0.2359883791118455,0.410959424508351,0.3530521963798034
0,0.2657747616605474,0.24392971395901278,0.4902955243804397
1,0.44948942392775226,0.334539115964616,0.21597146010763166
1,0.5010668980149101,0.2969937049524721,0.2019393970326177
1,0.11999081351220722,0.23857563125844983,0.641433555229343
1,0.25184116685432556,0.21473417984139037,0.533424653304284
1,0.17583102004894224,0.3273363144871743,0.4968326654638834
2,0.2059121426910594,0.28685652691062036,0.5072313303983202
1,0.09425300807294806,0.2723984125173192,0.6333485794097328
2,0.10339957107434188,0.3496166608698234,0.5469837680558347
2,0.10878418852214727,0.3668982821431161,0.5243175293347367
1,0.2303982659548081,0.22939345994113197,0.5402082741040599
0,0.8576989538604879,0.09352827318840462,0.04877277295110753
0,0.8983223318365795,0.0736824385517842,0.027995229611636255
0,0.8942941184483009,0.07280691973846759,0.03289896181323166
0,0.8598372729330541,0.09524457048712637,0.044918156579819554
0,0.8955842708510267,0.07376289374166496,0.03065283540730844
0,0.8390773922914587,0.1142914652260098,0.04663114248253144
0,0.886063826682456,0.09041567582767211,0.023520497489871936
1,0.8451953186271054,0.10952868826912909,0.04527599310376563
0,0.7901806345496201,0.1398420048297051,0.06997736062067476
0,0.8390773922914587,0.1142914652260098,0.04663114248253144
0,0.8534598162909097,0.09847443920270066,0.04806574450638974
0,0.8949970494519003,0.07928533140096039,0.025717619147139197
0,0.8304202951126878,0.1164644680764895,0.053115236810822794
1,0.8904651096983712,0.08233286134612557,0.02720202895550318
0,0.8489124010795369,0.11469213761820798,0.036395461302254954
0,0.8390773922914587,0.1142914652260098,0.04663114248253144
0,0.8714393525060276,0.08356602711804641,0.04499462037592603
0,0.6835792104523762,0.1837196246546372,0.13270116489298664
0,0.9022823962453064,0.06502677311429696,0.03269083064039657
0,0.8513230033676501,0.10325437348989798,0.045422623142451934
1,0.8390773922914587,0.1142914652260098,0.04663114248253144
0,0.8636377670447414,0.09948648994949646,0.036875743005762227
0,0.8909119943731125,0.0759798253266023,0.0331081803002852
0,0.7934537592002366,0.13565365528676618,0.07089258551299712
0,0.8524974790093944,0.1039413099352813,0.043561211055324345
1,0.7312760999403177,0.17054152427072833,0.09818237578895397
0,0.7549725137612338,0.20601685842914635,0.03901062780962
1,0.7844552793371179,0.14976768490940306,0.06577703575347901
0,0.6982352811229331,0.18158598551563976,0.12017873336142715
0,0.6424939131901958,0.21931874542977434,0.1381873413800299
1,0.6978724336342002,0.19694737084308123,0.10518019552271858
0,0.4236047246906225,0.2935711430690261,0.2828241322403514
1,0.44706825198691386,0.28614306779498216,0.2667886802181039
2,0.4605341047648129,0.3033972078981842,0.23606868733700287
0,0.7730765202794289,0.15147957935264955,0.0754439003679216
0,0.6327446180983423,0.2698521242355891,0.09740325766606876
1,0.7730765202794289,0.15147957935264955,0.0754439003679216
0,0.7730765202794289,0.15147957935264955,0.0754439003679216
0,0.7730765202794289,0.15147957935264955,0.0754439003679216
0,0.7730765202794289,0.15147957935264955,0.0754439003679216
1,0.7465670544394962,0.1708963720058385,0.08253657355466523
0,0.7465670544394962,0.1708963720058385,0.08253657355466523
0,0.6218818604755272,0.23759300770924485,0.14052513181522786
1,0.7934562687257705,0.14625801322330098,0.06028571805092839
0,0.7934562687257705,0.14625801322330098,0.06028571805092839
1,0.571539251491603,0.3088142231328814,0.11964652537551557
0,0.8904589580983528,0.08841272854519294,0.021128313356454164
0,0.8151070943784676,0.14852293696150648,0.03636996866002594
0,0.8934734122135668,0.08821537995020118,0.018311207836231944
0,0.9384618115219561,0.043224761423321864,0.018313427054721963
0,0.944232822843748,0.03814001509734362,0.017627162058908304
0,0.944232822843748,0.03814001509734362,0.017627162058908304
0,0.905808020830122,0.06684889480690029,0.027343084362977693
0,0.905808020830122,0.06684889480690029,0.027343084362977693
0,0.9393939029762922,0.043238346307107045,0.017367750716600783
0,0.9477794302732263,0.03888218716329825,0.013338382563475441
0,0.9393939029762922,0.043238346307107045,0.017367750716600783
0,0.9393939029762922,0.043238346307107045,0.017367750716600783
0,0.9477794302732263,0.03888218716329825,0.013338382563475441
0,0.905808020830122,0.06684889480690029,0.027343084362977693
0,0.9424475513441437,0.03929575898009554,0.018256689675760867
0,0.9323488090247657,0.04527545011175825,0.02237574086347604
0,0.9043636773354159,0.06793617688284974,0.02770014578173414
0,0.9337604337328587,0.049197948318066016,0.01704161794907523
0,0.8583861073913626,0.09338257843498318,0.04823131417365424
0,0.9289512342654913,0.05470266753792682,0.01634609819658177
1,0.7663117630126333,0.15245930361220153,0.08122893337516518
0,0.7686948537239581,0.14857679246235803,0.08272835381368387
1,0.6982352811229331,0.18158598551563976,0.12017873336142715
0,0.7556087028418709,0.1759925366221092,0.06839876053601984
1,0.1849467982795067,0.17301556432985568,0.6420376373906376
2,0.5617844834008772,0.2523791596326648,0.18583635696645806
1,0.26000967966361305,0.3590417836831105,0.38094853665327644
2,0.42749169156257394,0.2576644152437336,0.3148438931936923
2,0.26000967966361305,0.3590417836831105,0.38094853665327644
2,0.396949060539871,0.3155861566222759,0.28746478283785315
1,0.3020781342296205,0.24199437292630946,0.4559274928440701
2,0.396949060539871,0.3155861566222759,0.28746478283785315
0,0.397960173266284,0.2652545264920456,0.33678530024167036
1,0.28399467122263383,0.33837183933457105,0.3776334894427951
0,0.2994767076606556,0.34614214772728147,0.3543811446120629
1,0.3020781342296205,0.24199437292630946,0.4559274928440701
0,0.3253921542076198,0.21791063701275268,0.45669720877962766
0,0.31025188360469136,0.30629946365785116,0.38344865273745743
0,0.4583497916742473,0.2774955827013491,0.26415462562440345
1,0.5440528048476425,0.21874958475859604,0.23719761039376136
2,0.3253921542076198,0.21791063701275268,0.45669720877962766
2,0.31025188360469136,0.30629946365785116,0.38344865273745743
1,0.2976779061792512,0.3284890786065935,0.37383301521415524
1,0.4253248824192421,0.24867111442309042,0.3260040031576674
0,0.2704380928943113,0.3512746673650229,0.3782872397406658
2,0.397960173266284,0.2652545264920456,0.33678530024167036
0,0.6397598475101451,0.15951756042433113,0.20072259206552368
1,0.7819088323749801,0.1305677740032491,0.0875233936217708
2,0.09770071695953256,0.1952178381731245,0.7070814448673429
2,0.26268721695631714,0.32200152829849915,0.41531125474518366
2,0.08112095189316855,0.24460409473270278,0.6742749533741287
2,0.19566825025074447,0.285378404995776,0.5189533447534795
2,0.04524919832176885,0.13911357811433753,0.8156372235638937
2,0.06318804229561199,0.25686119209514047,0.6799507656092475
1,0.1522939587095077,0.31160882822564867,0.5360972130648437
2,0.04589841097059706,0.2523897589852732,0.7017118300441297
2,0.05674553916724986,0.27727184233319957,0.6659826184995506
2,0.08246383729853646,0.20004396414174114,0.7174921985597225
2,0.04498124566972349,0.14683812806557592,0.8081806262647006
2,0.045365737189211594,0.24336329067115484,0.7112709721396336
1,0.04860399836000129,0.14657192639479483,0.8048240752452039
2,0.046004443767637584,0.24025411952039147,0.7137414367119709
2,0.18945170798591293,0.1772603268293778,0.6332879651847093
2,0.21253266736552123,0.30654184255169087,0.48092549008278784
2,0.08229735953400712,0.1534214648779869,0.764281175588006
2,0.08152484662710002,0.15085215739422667,0.7676229959786733
2,0.10921768284944149,0.198247608737626,0.6925347084129325
2,0.10921768284944149,0.198247608737626,0.6925347084129325
0,0.8139423706307256,0.13601460002046356,0.05004302934881083
0,0.8515308053832458,0.12701647270502162,0.0214527219117327
0,0.8772525613255103,0.10420976897586484,0.01853766969862463
1,0.8693877886282357,0.08237528925379942,0.048236922117964896
0,0.8062449011559901,0.1345136691142332,0.05924142972977664
0,0.8062449011559901,0.1345136691142332,0.05924142972977664
0,0.8929285836711918,0.0742585869654178,0.03281282936339035
0,0.8710387819198389,0.09834451701417546,0.030616701065985685
0,0.8924920450858749,0.09124726064578732,0.01626069426833791
0,0.8929285836711918,0.0742585869654178,0.03281282936339035
0,0.9151848638260747,0.06008454159331982,0.024730594580605617
0,0.928316654320294,0.04881630932835865,0.02286703635134737
0,0.8710387819198389,0.09834451701417546,0.030616701065985685
0,0.8924920450858749,0.09124726064578732,0.01626069426833791
0,0.8765393199235011,0.09513089598369583,0.028329784092802977
0,0.9151848638260747,0.06008454159331982,0.024730594580605617
0,0.8061816166477,0.1280211060681898,0.06579727728411006
0,0.7948731181123759,0.1408774048172373,0.06424947707038688
0,0.8510448785284775,0.09165809488842638,0.05729702658309605
0,0.7948731181123759,0.1408774048172373,0.06424947707038688
0,0.7941025052018542,0.1433796466704386,0.06251784812770723
0,0.8521707722349315,0.10349806470168714,0.044331163063381286
0,0.8009754792359116,0.1290225616197093,0.07000195914437916
0,0.8580992906292062,0.10817200195296439,0.03372870741782928
0,0.8886961625909723,0.08587247403120561,0.025431363377822112
1,0.8976254490513091,0.07197316610903522,0.030401384839655696
0,0.9356837829265543,0.04765074907551692,0.01666546799792866
0,0.9092899689066214,0.06388180922578061,0.026828221867598145
0,0.9301153260450709,0.056996417210659685,0.012888256744269449
0,0.9179043008860762,0.0668631842829152,0.015232514831008466
0,0.9335477219776787,0.05336410380837473,0.013088174213946492
0,0.9335477219776787,0.05336410380837473,0.013088174213946492
0,0.9428916047966595,0.041306342416088465,0.015802052787251927
0,0.9169142489535985,0.060700457504164015,0.02238529354223743
0,0.9333403612168683,0.05397942877225073,0.012680210010880853
0,0.8940327878580422,0.07149667844717704,0.034470533694780765
0,0.9333403612168683,0.05397942877225073,0.012680210010880853
0,0.9333403612168683,0.05397942877225073,0.012680210010880853
0,0.9331162363527418,0.04852306327467133,0.01836070037258677
0,0.9333403612168683,0.05397942877225073,0.012680210010880853
0,0.9244810852289984,0.053749445545252295,0.0217694692257494
0,0.9043749418370008,0.06829598511907592,0.02732907304392319
0,0.9055704445379154,0.07627740302346972,0.018152152438615007
0,0.9039148338850745,0.06798855709132243,0.02809660902360309
0,0.9333403612168683,0.05397942877225073,0.012680210010880853
0,0.9229746992987727,0.061077091097055884,0.015948209604171298
0,0.9367991984860425,0.046170681731210056,0.017030119782747478
0,0.9229746992987727,0.061077091097055884,0.015948209604171298
0,0.9388236032646077,0.045222571662116906,0.015953825073275443
0,0.9229746992987727,0.061077091097055884,0.015948209604171298
0,0.9229746992987727,0.061077091097055884,0.015948209604171298
0,0.935463876070658,0.048582439779334435,0.015953684150007436
0,0.9197751079173002,0.056849753881446995,0.023375138201252678
0,0.9197751079173002,0.056849753881446995,0.023375138201252678
0,0.8906358730985462,0.09224206210873624,0.01712206479271736
1,0.9268568789517582,0.05620506355286883,0.016938057495373006
0,0.9229746992987727,0.061077091097055884,0.015948209604171298
0,0.9333403612168683,0.05397942877225073,0.012680210010880853
0,0.9388236032646077,0.045222571662116906,0.015953825073275443
0,0.9333403612168683,0.05397942877225073,0.012680210010880853
0,0.9402086488221739,0.04398761096858324,0.01580374020924287
0,0.9318311037499935,0.055478823207459914,0.012690073042546591
0,0.9399683016354434,0.04462574585813365,0.015405952506422993
0,0.9399683016354434,0.04462574585813365,0.015405952506422993
0,0.9092899689066214,0.06388180922578061,0.026828221867598145
0,0.9255980942067022,0.05929295617695228,0.015108949616345452
0,0.8940327878580422,0.07149667844717704,0.034470533694780765
0,0.9092899689066214,0.06388180922578061,0.026828221867598145
0,0.927095086866988,0.05821253994230844,0.014692373190703543
1,0.9356382280384989,0.0480920388309128,0.016269733130588365
0,0.932851198981947,0.053813714892266384,0.013335086125786575
0,0.932851198981947,0.053813714892266384,0.013335086125786575
0,0.9359219775729085,0.04685788069246634,0.01722014173462524
0,0.9255980942067022,0.05929295617695228,0.015108949616345452
0,0.9291234652185177,0.056843520421829226,0.014033014359652995
0,0.9301312507102356,0.05501692558352552,0.014851823706238906
0,0.925760781450874,0.05947606555193289,0.014763152997193092
0,0.8934069241039039,0.07116122099540766,0.03543185490068839
0,0.9256325426537116,0.05875561524757758,0.015611842098710721
0,0.93460945370418,0.048078418582733755,0.017312127713086156
0,0.93460945370418,0.048078418582733755,0.017312127713086156
0,0.8940327878580422,0.07149667844717704,0.034470533694780765
0,0.9296517705387283,0.056316650244603486,0.014031579216668323
0,0.926079821857936,0.05945499793313645,0.014465180208927531
0,0.9092899689066214,0.06388180922578061,0.026828221867598145
0,0.9432198388984059,0.04243377675390928,0.014346384347684855
0,0.886121072055788,0.08616054735776194,0.02771838058645006
0,0.8913554422093581,0.08246866022346486,0.02617589756717706
0,0.9256325426537116,0.05875561524757758,0.015611842098710721
0,0.9088243584969082,0.0635940411456979,0.027581600357393925
0,0.9388236032646077,0.045222571662116906,0.015953825073275443
0,0.9256325426537116,0.05875561524757758,0.015611842098710721
0,0.9353952623175457,0.047686516102950514,0.016918221579503807
0,0.9353952623175457,0.047686516102950514,0.016918221579503807
0,0.9088243584969082,0.0635940411456979,0.027581600357393925
0,0.9256325426537116,0.05875561524757758,0.015611842098710721
0,0.9088243584969082,0.0635940411456979,0.027581600357393925
0,0.93460945370418,0.048078418582733755,0.017312127713086156
0,0.9092899689066214,0.06388180922578061,0.026828221867598145
0,0.932851198981947,0.053813714892266384,0.013335086125786575
0,0.9371074992354426,0.04601951932498519,0.01687298143957216
0,0.9092899689066214,0.06388180922578061,0.026828221867598145
0,0.9304806723111347,0.05449818113454894,0.015021146554316285
0,0.9332259662783224,0.053041672104245104,0.013732361617432406
0,0.9342017253492656,0.04517820754796024,0.020620067102774274
0,0.9092899689066214,0.06388180922578061,0.026828221867598145
2,0.9092899689066214,0.06388180922578061,0.026828221867598145
0,0.9304806723111347,0.05449818113454894,0.015021146554316285
0,0.9330524258390258,0.0531113052461568,0.013836268914817328
0,0.9268859366636312,0.05196027522577226,0.02115378811059666
0,0.9246345066823968,0.056634578682143916,0.018730914635459322
0,0.9092899689066214,0.06388180922578061,0.026828221867598145
0,0.9267962959526669,0.05535936237240543,0.017844341674927523
0,0.9388236032646077,0.045222571662116906,0.015953825073275443
0,0.9388236032646077,0.045222571662116906,0.015953825073275443
0,0.9301654619459784,0.0564916632798115,0.013342874774210268
1,0.9140946975529212,0.06185578696473539,0.02404951548234353
1,0.9388236032646077,0.045222571662116906,0.015953825073275443
0,0.9140946975529212,0.06185578696473539,0.02404951548234353
0,0.9284724553201793,0.05833622366123748,0.013191321018583254
0,0.9284724553201793,0.05833622366123748,0.013191321018583254
1,0.9140946975529212,0.06185578696473539,0.02404951548234353
0,0.9388236032646077,0.045222571662116906,0.015953825073275443
0,0.9140946975529212,0.06185578696473539,0.02404951548234353
0,0.9301654619459784,0.0564916632798115,0.013342874774210268
0,0.9268327360443737,0.05491548669591174,0.01825177725971485
0,0.9388236032646077,0.045222571662116906,0.015953825073275443
0,0.9140946975529212,0.06185578696473539,0.02404951548234353
0,0.9388236032646077,0.045222571662116906,0.015953825073275443
0,0.9140946975529212,0.06185578696473539,0.02404951548234353
0,0.9388236032646077,0.045222571662116906,0.015953825073275443
0,0.9229982806027369,0.06052287531120422,0.016478844086058726
0,0.9080251097789261,0.06848693667982658,0.02348795354124728
0,0.926087141916924,0.06138807477341657,0.012524783309659338
0,0.9229982806027369,0.06052287531120422,0.016478844086058726
0,0.9388236032646077,0.045222571662116906,0.015953825073275443
0,0.8633986689814269,0.10503805583321471,0.031563275185358425
0,0.44426162293197285,0.2295630558804489,0.32617532118757836
1,0.846557903641649,0.10855925457850275,0.044882841779848186
2,0.44426162293197285,0.2295630558804489,0.32617532118757836
1,0.7753714285872436,0.137978923325695,0.08664964808706133
2,0.8450808586875544,0.1029984053636802,0.051920735948765326
2,0.553424078530169,0.24304191829224644,0.20353400317758474
0,0.6308596481226957,0.17170153134186752,0.19743882053543663
2,0.5562500877129345,0.2604807861165864,0.18326912617047905
0,0.39866393380862203,0.2963272972210385,0.30500876897033946
0,0.42621908488635646,0.20724658831726195,0.3665343267963816
0,0.4798435856879771,0.21795727588245076,0.30219913842957213
1,0.24514724118345152,0.3008972248003176,0.45395553401623084
0,0.2383207206959377,0.49456867184795866,0.26711060745610354
2,0.7006134474823603,0.1275579878244145,0.17182856469322508
2,0.40172303062978243,0.2263472121633034,0.3719297572069142
0,0.6651023838740117,0.16460044928329454,0.17029716684269375
0,0.5675595085614982,0.1985498595068629,0.23389063193163898
0,0.72944492000817,0.1325866193973281,0.13796846059450193
0,0.7362106622965419,0.1605910670548453,0.10319827064861292
1,0.589403548647042,0.18775256817013666,0.22284388318282128
0,0.7219169348359314,0.14000334644166132,0.13807971872240724
0,0.5324901601631702,0.1990081652981372,0.26850167453869256
0,0.6217366490517544,0.22274504689264854,0.15551830405559713
0,0.7550859237050275,0.11828748676454878,0.12662658953042394
0,0.7207722355912551,0.1578992418808618,0.12132852252788301
0,0.7913199307079772,0.12696362775075823,0.08171644154126446
0,0.6785833626546205,0.16981261906247158,0.151604018282908
0,0.8620354990075771,0.09247672015734394,0.04548778083507894
0,0.8421211989740744,0.10225624729340692,0.05562255373251846
0,0.8126183791013604,0.11883387355682194,0.06854774734181768
0,0.8568435419367143,0.10248569827602397,0.040670759787261916
1,0.8568435419367143,0.10248569827602397,0.040670759787261916
1,0.8425383339943913,0.10629882228509789,0.05116284372051074
0,0.8474255949990942,0.11636989502313227,0.03620450997777358
0,0.8513885053760921,0.11268007194493884,0.035931422678969184
0,0.8126183791013604,0.11883387355682194,0.06854774734181768
0,0.8426211443304347,0.09836869322645259,0.05901016244311275
0,0.8126183791013604,0.11883387355682194,0.06854774734181768
0,0.818896112248171,0.118406481812271,0.06269740593955811
0,0.8757375902070026,0.0835853769539387,0.040677032839058685
0,0.8126183791013604,0.11883387355682194,0.06854774734181768
0,0.8757375902070026,0.0835853769539387,0.040677032839058685
0,0.8433445476900913,0.10912284116050684,0.04753261114940201
0,0.8139886909626788,0.10677643827828019,0.07923487075904113
0,0.7372675683787984,0.1485433985473906,0.11418903307381112
2,0.7911737292280865,0.14712116037708436,0.061705110394829045
0,0.8126183791013604,0.11883387355682194,0.06854774734181768
0,0.8298042916645629,0.1119807714100821,0.05821493692535483
1,0.8298042916645629,0.1119807714100821,0.05821493692535483
2,0.8269437275945163,0.129584883437823,0.04347138896766056
0,0.8269437275945163,0.129584883437823,0.04347138896766056
0,0.8126183791013604,0.11883387355682194,0.06854774734181768
0,0.8757375902070026,0.0835853769539387,0.040677032839058685
0,0.7784667242222485,0.17050152003633345,0.05103175574141803
0,0.7784667242222485,0.17050152003633345,0.05103175574141803
0,0.8126183791013604,0.11883387355682194,0.06854774734181768
0,0.8126183791013604,0.11883387355682194,0.06854774734181768
0,0.7832912947019747,0.1402025081654919,0.07650619713253334
0,0.7921201076286843,0.1361663501723654,0.07171354219895021
0,0.42620019755865235,0.21635679466505958,0.35744300777628796
1,0.1226552699813921,0.1277860192660564,0.7495587107525514
0,0.6409905987446313,0.1689468996232602,0.19006250163210853
0,0.766238190301273,0.12507289870392418,0.10868891099480277
0,0.7372675683787984,0.1485433985473906,0.11418903307381112
0,0.814737718085813,0.1313210047391601,0.05394127717502684
2,0.6521813587758717,0.2211900242073367,0.12662861701679162
0,0.8568435419367143,0.10248569827602397,0.040670759787261916
1,0.775721986271906,0.13861208688965018,0.08566592683844376
0,0.8363559830852878,0.10898071808454207,0.05466329883017003
0,0.9140946975529212,0.06185578696473539,0.02404951548234353
0,0.9140946975529212,0.06185578696473539,0.02404951548234353
0,0.19240048477495048,0.1535130140102969,0.6540865012147525
2,0.06121040930180649,0.28396940012023614,0.6548201905779575
0,0.9103564294906474,0.06279435101821304,0.02684921949113944
1,0.034359329018651165,0.18136949828196147,0.7842711726993874
1,0.9196105326010569,0.06043683049325387,0.019952636905689203
0,0.8363313713038891,0.11205547195897275,0.05161315673713817
1,0.5349100013660463,0.24845961559315277,0.21663038304080098
1,0.8118668755432739,0.10630251065259608,0.08183061380413015
1,0.25579252859597373,0.31760485285688805,0.4266026185471382
0,0.8571853209787135,0.09261986844024632,0.05019481058104025
0,0.7972683328531368,0.156189806746896,0.046541860399967334
0,0.8050779006926164,0.12733513332085447,0.06758696598652918
1,0.058065495576021156,0.48491461541391684,0.457019889010062
0,0.9102885139830298,0.062099963467545614,0.02761152254942466
0,0.7198723135956128,0.16464704501597752,0.11548064138840967
1,0.09130302280483485,0.21536431408729867,0.6933326631078665
0,0.7468530691604702,0.1533085759753776,0.09983835486415224
2,0.09612716716600213,0.20166161512817748,0.7022112177058204
0,0.8521173994116567,0.09432249171757724,0.05356010887076608
2,0.3982500360790618,0.27337052285459484,0.3283794410663433
0,0.9269260555478153,0.05450794464594402,0.018565999806240664
0,0.9429364222060294,0.04079434661114354,0.016269231182827016
2,0.19294942901284637,0.28203976402653747,0.5250108069606161
0,0.9301654619459784,0.0564916632798115,0.013342874774210268
0,0.907649488022071,0.06508028619716794,0.027270225780760927
0,0.6844952573297467,0.17552632768128384,0.1399784149889696
0,0.06987505969082793,0.25160805780258744,0.6785168825065847
0,0.5573130459542093,0.2877681663242598,0.15491878772153095
2,0.06513945278963032,0.20945463205448586,0.7254059151558839
2,0.34417314122637616,0.3027360921871495,0.35309076658647437
2,0.27621279797013926,0.18045417498376917,0.5433330270460915
1,0.9245012424462581,0.0610862088283285,0.01441254872541342
1,0.22421669386363602,0.41346539083321093,0.3623179153031531
1,0.94698812063717,0.03911831657312293,0.013893562789707136
0,0.5379750080191312,0.18644511902486322,0.2755798729560056
0,0.8325057040743471,0.1134308733609391,0.054063422564713914
0,0.8330966697936719,0.09323131222891332,0.07367201797741482
1,0.6779554487663396,0.17468118087345766,0.14736337036020275
2,0.2722007514689752,0.2039735915816667,0.5238256569493581
2,0.11523457634832736,0.17608586119631386,0.7086795624553588
0,0.700297650986595,0.1805520951413522,0.11915025387205283
1,0.8641721174992782,0.08914120538719832,0.046686677113523325
0,0.8088326164618288,0.12925441388919245,0.06191296964897883
0,0.2787242018803318,0.25549612132065014,0.46577967679901805
0,0.044712181179091905,0.29097745911005213,0.664310359710856
0,0.7106756570898618,0.18647756915928554,0.10284677375085274
0,0.8284400708916184,0.11938547898552264,0.05217445012285885
0,0.7981641423542429,0.1445230197700131,0.05731283787574387
2,0.7262826466533684,0.13930630076672185,0.1344110525799097
1,0.597318287407125,0.17625768994913998,0.22642402264373512
0,0.9342017253492656,0.04517820754796024,0.020620067102774274
2,0.13342569142907515,0.21454260502430836,0.6520317035466164
1,0.8548961622000992,0.10122686454894035,0.04387697325096051
0,0.6040052296452957,0.2049578510964661,0.19103691925823804
0,0.925739109469891,0.05944078086984727,0.01482010966026174
0,0.828599512420157,0.11975375683601155,0.05164673074383167
0,0.257614044142036,0.2205836317571169,0.5218023241008471
0,0.7535203670078375,0.16050294358292197,0.08597668940924041
1,0.7574975925586647,0.163675042848422,0.0788273645929134
0,0.8795173797517859,0.09993652608608078,0.020546094162133145
0,0.8159167517134975,0.1319011454669354,0.05218210281956703
1,0.35093813221057946,0.1958332397830657,0.4532286280063549
2,0.5807888722675052,0.24800189860843855,0.17120922912405628
1,0.07470284121631994,0.17803679192452654,0.7472603668591535
2,0.09656670363060534,0.1837367058596807,0.719696590509714
1,0.3292494267966097,0.20933006155110045,0.4614205116522899
0,0.10039811525663976,0.2012911262087342,0.698310758534626
2,0.11367315972005883,0.2512460192063059,0.6350808210736352
0,0.7059953773196663,0.22800976782960997,0.06599485485072368
0,0.8126183791013604,0.11883387355682194,0.06854774734181768
2,0.10091332790836671,0.21690349190579408,0.6821831801858392
2,0.124903757881911,0.3027734903500323,0.5723227517680567
1,0.8133687786772446,0.12258848542428498,0.06404273589847055
0,0.3594223935281656,0.4250010282503413,0.2155765782214931
0,0.9003601733517013,0.06872446998036372,0.030915356667935077
0,0.9039148338850745,0.06798855709132243,0.02809660902360309
2,0.06489756707032236,0.15093582147252274,0.7841666114571549
2,0.08550212931210807,0.18202466065343748,0.7324732100344544
0,0.9014800110116734,0.07871154953723172,0.019808439451094912
2,0.04762381642024096,0.17273560377823818,0.7796405798015208
1,0.0824080300044215,0.16413228630930307,0.7534596836862754
0,0.8717328738945159,0.07555726229041304,0.05270986381507102
2,0.1700216385953321,0.21968790031594798,0.6102904610887199
0,0.9240323061152734,0.053856099250532044,0.022111594634194657
0,0.7204045911377195,0.14815982387008175,0.13143558499219882
0,0.7749228313944787,0.1435346719747671,0.08154249663075414
0,0.8965195125416628,0.07116443354627332,0.03231605391206401
2,0.10216844675655742,0.10125364601426194,0.7965779072291806
2,0.06924121428759088,0.32185020276920656,0.6089085829432025
0,0.08926211651593766,0.21059875303479025,0.7001391304492721
0,0.3020781342296205,0.24199437292630946,0.4559274928440701
2,0.22414618244844106,0.31275765796027793,0.4630961595912809
