prediction_-1,prediction_0,prediction_1,target
0.3156115912910919,0.329781707529937,0.3546067011789712,2
0.15642907280138138,0.318972494644479,0.5245984325541396,0
0.15033302939171084,0.3026360202672726,0.5470309503410165,1
0.1331232927876352,0.3963532586259887,0.47052344858637607,1
0.1627220909408333,0.3509084777673411,0.48636943129182564,2
0.10019123617911492,0.33178821627949956,0.5680205475413855,2
0.10403869347089108,0.4041737693673305,0.4917875371617783,1
0.154690839247715,0.44264017317758586,0.40266898757469916,1
0.154690839247715,0.44264017317758586,0.40266898757469916,2
0.10403869347089108,0.4041737693673305,0.4917875371617783,2
0.11848107347807599,0.36750775136312436,0.5140111751587997,2
0.1608752873494339,0.2751055613672199,0.5640191512833462,2
0.8558354339329698,0.10058152370833447,0.04358304235869583,0
0.8082120342871356,0.1292976748494686,0.06249029086339596,0
0.8305261680278008,0.11541623919283273,0.054057592779366594,0
0.884095203606481,0.08419846823241618,0.031706328161102935,0
0.15796888319530328,0.20631345905579887,0.6357176577488978,2
0.14465698192599855,0.2067239092826134,0.6486191087913882,1
0.10940382044131162,0.16458173168990595,0.7260144478687823,0
0.1109146264768162,0.18770795418299885,0.7013774193401848,1
0.10685704329572246,0.11621694947572535,0.7769260072285522,2
0.21521925742816397,0.20077858904255558,0.5840021535292806,2
0.09607936489311049,0.14714710657403887,0.7567735285328506,2
0.11313113612136125,0.10431709634909712,0.7825517675295417,2
0.11274637432485038,0.18995327224812483,0.6973003534270248,1
0.183728457207366,0.23294319438018923,0.5833283484124446,2
0.09394127697283679,0.13819389407896585,0.7678648289481974,2
0.2174475710903084,0.18412269344936874,0.5984297354603229,2
0.09117920583418891,0.14926727422252037,0.7595535199432908,2
0.11317674100726283,0.17650565134785207,0.7103176076448852,0
0.2783775976098268,0.20295626700151664,0.5186661353886565,2
0.15130175182618835,0.1966537450741303,0.6520445030996812,2
0.23049817153847046,0.26987608510283667,0.4996257433586928,2
0.15502387466724388,0.17149468958990585,0.6734814357428504,1
0.14981540669337953,0.21654116357737618,0.6336434297292443,1
0.1612102434609219,0.20275659063996182,0.6360331658991162,1
0.14975350298266873,0.21166817714787153,0.6385783198694597,0
0.16082428622726774,0.20537955710587333,0.633796156666859,0
0.2629825557153043,0.2371865087700104,0.4998309355146853,2
0.2760245180748012,0.18665447149005135,0.5373210104351475,2
0.2564375773591467,0.17111993129629882,0.5724424913445546,2
0.25774008049395064,0.2113061282273946,0.5309537912786547,2
0.0863661607243891,0.19577569175185536,0.7178581475237557,2
0.11207147450342643,0.19652824417207534,0.6914002813244983,2
0.14167775652631107,0.2146924154098458,0.6436298280638431,1
0.14962157464246187,0.2092689026511104,0.6411095227064276,2
0.8331261207572285,0.10101332512393081,0.06586055411884077,0
0.8669556464390051,0.10002882456471811,0.033015528996276834,0
0.8718182011243865,0.09680102291581857,0.03138077595979493,0
0.862938342920479,0.09344822364926582,0.043613433430255165,0
0.8536929460507153,0.10311661191892696,0.043190442030357636,0
0.8436065351405907,0.10910282251728165,0.047290642342127695,0
0.8658007586974935,0.0956109249882634,0.03858831631424294,0
0.8558930955854971,0.0967502236536686,0.04735668076083436,0
0.8909427683086448,0.07622225992918376,0.032834971762171546,0
0.8513372083831295,0.10187998960285378,0.04678280201401658,0
0.8770494838455468,0.0850946583167067,0.03785585783774649,0
0.8689761338675976,0.08809119851395301,0.042932667618449306,0
0.1426664984636589,0.16628609736988112,0.6910474041664599,2
0.17055171069493105,0.1012080162666137,0.7282402730384554,2
0.07641825134951112,0.18320012518596268,0.7403816234645263,2
0.10124991275269805,0.13418480915932612,0.7645652780879758,1
0.1018877189134332,0.1286947456698008,0.769417535416766,2
0.10460727857265788,0.1276702086367407,0.7677225127906014,2
0.05982472328883117,0.10204273988698817,0.8381325368241807,2
0.10937731078637448,0.18352285733424142,0.7070998318793841,2
0.8686916627658584,0.09391522776156754,0.03739310947257414,0
0.8590795018008605,0.0940241461125589,0.04689635208658086,0
0.8686916627658584,0.09391522776156754,0.03739310947257414,0
0.8722155350599448,0.08776107268065911,0.04002339225939601,0
0.8544401852928833,0.10124283390321231,0.044316980803904386,0
0.8377490560460251,0.1098007198171341,0.05245022413684076,0
0.8672274482235072,0.0951772360466595,0.03759531572983338,0
0.7871169738538919,0.13716451392097032,0.07571851222513772,0
0.8517973801696442,0.08509700064557198,0.06310561918478391,1
0.8670804555017108,0.08456259647734402,0.048356948020945305,0
0.7930248004163788,0.16112450593339625,0.045850693650224775,0
0.825656655519219,0.13101708881903532,0.043326255661745756,0
0.8780497883358839,0.08141802900145041,0.04053218266266583,1
0.8087373593552204,0.14000892783979443,0.05125371280498516,0
0.8147368538557082,0.14765619963316978,0.03760694651112221,0
0.8073861450379021,0.14153445579039486,0.0510793991717031,0
0.8021820244925114,0.15854458457632986,0.03927339093115874,0
0.7682364412759214,0.16237629634109987,0.06938726238297885,0
0.8069947768078496,0.1285620142431255,0.0644432089490249,0
0.8010363243848868,0.13315076852637345,0.06581290708873985,2
0.7548481569202947,0.16928616383170209,0.07586567924800312,1
0.8634642351787536,0.07741715061792069,0.0591186142033256,0
0.864643055262497,0.0775092968814095,0.05784764785609361,0
0.8598969976017453,0.10481450487064568,0.035288497527608806,0
0.850117153799879,0.10795817990018534,0.041924666299935555,0
0.8336909615034973,0.12108375119434137,0.0452252873021613,0
0.8776016619499022,0.10122111357198939,0.02117722447810814,1
0.8775046446697164,0.10173711134690157,0.02075824398338195,0
0.8474321792693793,0.11234066615883458,0.040227154571786085,0
0.8557214212591278,0.10805039337747234,0.03622818536339985,0
0.8406477265747079,0.11469943363952115,0.04465283978577084,0
0.7807741320605757,0.13834469965806648,0.08088116828135795,1
0.7807741320605757,0.13834469965806648,0.08088116828135795,0
0.858297328705408,0.10903085420279604,0.03267181709179596,0
0.8409790138599516,0.11572128736541258,0.04329969877463589,0
0.8170899855824014,0.1284463597475385,0.054463654670059966,0
0.8465511227465937,0.12443769683087472,0.029011180422531636,0
0.8682301927610684,0.10041163403207773,0.03135817320685388,0
0.8523055359219366,0.12156062076449162,0.02613384331357183,0
0.8626725555526635,0.08687715341110802,0.050450291036228556,0
0.8635015359533169,0.08128121201749149,0.05521725202919171,0
0.8542367162566097,0.09300685674523092,0.05275642699815945,0
0.8585646243534327,0.0852887044581914,0.0561466711883757,0
0.8639756761237304,0.07716611177949087,0.05885821209677877,0
0.8672345395843387,0.0764140265167261,0.05635143389893523,0
0.06430159149481887,0.13741535788351095,0.7982830506216703,2
0.052617220743120474,0.09323513104746987,0.8541476482094097,2
0.10028581744882371,0.1287591862701338,0.7709549962810425,2
0.05410778360743249,0.12457634606004798,0.8213158703325195,2
0.08904397752693441,0.14637721705486081,0.7645788054182047,2
0.09679126906852985,0.11032331673390107,0.7928854141975691,2
0.031130233163811586,0.14182364260560743,0.827046124230581,2
0.06738769636294929,0.1407545890099201,0.7918577146271307,2
0.05059568243300442,0.17515595839512763,0.7742483591718681,2
0.07063118015094948,0.1455550147972635,0.783813805051787,2
0.031130233163811586,0.14182364260560743,0.827046124230581,2
0.06589274591677716,0.13692334998720043,0.7971839040960224,2
0.07982934064833601,0.10358647427814519,0.8165841850735189,2
0.045549240056183285,0.11401865422871126,0.8404321057151055,2
0.08407485082930648,0.12036920159261398,0.7955559475780795,2
0.08901496435324804,0.12625758951136037,0.7847274461353917,2
0.10542182006374519,0.17314548522603163,0.7214326947102231,2
0.07844437044832764,0.12196001977875488,0.7995956097729177,2
0.07740883140230652,0.11923660984660481,0.8033545587510885,2
0.06847977000903137,0.09381710127793522,0.8377031287130334,2
0.0770010937240867,0.11904102763948743,0.8039578786364258,2
0.08689957844196051,0.10960636255430826,0.8034940590037312,2
0.09437711922314825,0.15587240970330005,0.7497504710735516,2
0.0763400528593664,0.11812143432542795,0.8055385128152056,2
0.07272108954394489,0.15621091636081294,0.7710679940952424,2
0.08639904752366138,0.1408733948975556,0.7727275575787831,2
0.10150986464210454,0.13489962616672863,0.763590509191167,2
0.10022217018268939,0.14199644382407353,0.7577813859932372,1
0.09512263149372809,0.18419144801162093,0.720685920494651,2
0.10398556722436512,0.16472535851546505,0.7312890742601699,2
0.09931091045345854,0.13478272799174135,0.7659063615548002,0
0.1121672827509657,0.12964659703063722,0.7581861202183973,2
0.05455715170783557,0.16784483965120808,0.7775980086409565,0
0.10599759059904013,0.1456671254675638,0.748335283933396,2
0.1321820228995881,0.13236010852491456,0.7354578685754972,2
0.0699750105707936,0.17646457850249989,0.7535604109267064,2
0.1122883912292897,0.13597163003717125,0.7517399787335389,1
0.05199058752388501,0.1639438694403059,0.7840655430358091,0
0.09905854921247526,0.17098356656354716,0.7299578842239774,2
0.0628322849931013,0.17259019601373587,0.764577518993163,1
0.05739375214151049,0.14430381744049275,0.7983024304179968,2
0.05021569227637162,0.09519777484848592,0.8545865328751425,2
0.03309590256695414,0.17414521352998377,0.7927588839030622,2
0.040544789036404454,0.16041722133946548,0.7990379896241301,2
0.0388130713041316,0.12982846887184044,0.8313584598240279,2
0.03222701039814321,0.13081442102150137,0.8369585685803554,2
0.07832159432916581,0.17008234652785106,0.7515960591429831,1
0.06283698017996538,0.1530359537629157,0.784127066057119,1
0.038037366958353205,0.18532387588082685,0.7766387571608201,2
0.0800286130431005,0.172056727597069,0.7479146593598306,2
0.07784376961722375,0.17089143437012036,0.7512647960126558,2
0.051823355298475926,0.171830284766083,0.776346359935441,2
0.05440800518313292,0.14837329026530696,0.7972187045515602,2
0.03215417752600635,0.10680072644660499,0.8610450960273888,2
0.04904748681794856,0.19778962397043168,0.7531628892116198,2
0.04895901706366346,0.1274463351284632,0.8235946478078734,1
0.026930687044109503,0.12069177340009053,0.8523775395558,2
0.04724704308050286,0.19727566642231142,0.7554772904971859,2
0.04889264813972286,0.21079699773196325,0.7403103541283139,2
0.034463313782865435,0.12615036184047265,0.8393863243766618,2
0.04823607910042467,0.46256274479422904,0.48920117610534625,1
0.05381357208861605,0.33949411207591357,0.6066923158354703,2
0.05508331616008984,0.34197380681978873,0.6029428770201214,1
0.08236569893371637,0.36814336309061396,0.5494909379756697,1
0.04823607910042467,0.46256274479422904,0.48920117610534625,2
0.04823607910042467,0.46256274479422904,0.48920117610534625,2
0.813289275838453,0.122071431153008,0.06463929300853911,0
0.7633798475421948,0.13821145045189473,0.09840870200591069,0
0.2414485053379495,0.24189581760846426,0.5166556770535863,2
0.21954281545197568,0.1776239342696039,0.6028332502784205,2
0.1968886225603869,0.13103163717932126,0.6720797402602917,1
0.19456142532362822,0.1887632742373875,0.6166753004389844,2
0.2014785993130086,0.3163335680229971,0.4821878326639943,1
0.17051929661025894,0.1636987014776472,0.6657820019120938,0
0.2715978175683889,0.1885594564319768,0.5398427259996343,2
0.23669400785235564,0.22188301747391234,0.541422974673732,0
0.7326429079258084,0.13080500645734722,0.13655208561684443,1
0.6511134486567255,0.21846986398526566,0.13041668735800874,0
0.5703439593486112,0.3211819544372307,0.10847408621415822,0
0.7162234380269481,0.13691746418366404,0.14685909778938797,1
0.7151841832128535,0.14930911770180696,0.13550669908533944,0
0.6688452329200846,0.19731515005357037,0.1338396170263452,0
0.7270160278748411,0.12736301764542396,0.14562095447973483,0
0.7303207049112188,0.14305351465227972,0.12662578043650158,0
0.14993985338912688,0.2382656618176787,0.6117944847931945,2
0.20721682196151262,0.1391979723752891,0.6535852056631983,2
0.27698681620090176,0.19888605865378825,0.52412712514531,2
0.28951812098574925,0.12439859773429386,0.5860832812799569,2
0.1962606631375198,0.15449139493046213,0.649247941932018,2
0.11939732332072665,0.18255154385461259,0.6980511328246608,2
0.45520765760677245,0.1261896012695129,0.4186027411237147,0
0.4740008679868039,0.1476917548931569,0.3783073771200392,2
0.5192693446416443,0.13488470690847834,0.3458459484498773,0
0.4348562245946397,0.12751365285691105,0.43763012254844924,0
0.5192693446416443,0.13488470690847834,0.3458459484498773,2
0.5044421611848129,0.14627456930646313,0.3492832695087239,0
0.15774410749384152,0.13944883738859906,0.7028070551175595,2
0.1927260268002772,0.14621957954097722,0.6610543936587456,2
0.18972818772251382,0.30820533228443425,0.502066479993052,0
0.28948633551363606,0.18915718044171434,0.5213564840446496,2
0.608048957131863,0.162345437543067,0.22960560532507007,1
0.564986630138063,0.22589299675512445,0.2091203731068125,2
0.20067179421181638,0.142038576531994,0.6572896292561896,1
0.20165308948989683,0.13415988392848088,0.6641870265816222,2
0.08039599583623878,0.18019720369738115,0.7394068004663801,2
0.12967903381205084,0.17967652159941588,0.6906444445885331,1
0.11311157919001695,0.20920130565887277,0.6776871151511105,2
0.1607095948327034,0.2020681714840264,0.6372222336832701,2
0.19925589815368222,0.14130637239294244,0.6594377294533754,0
0.18520998768480962,0.18490726536971833,0.6298827469454721,1
0.2633683205353451,0.22380438705972544,0.5128272924049295,2
0.21597664960148322,0.267307680116806,0.5167156702817108,2
0.2985174103966726,0.27245896067588915,0.42902362892743817,0
0.3834943711285636,0.34223315103721114,0.27427247783422537,1
0.49565176178767306,0.3192418437631846,0.18510639444914226,2
0.3202043583068637,0.30747510536793987,0.37232053632519635,0
0.24106763363135628,0.16463194002791726,0.5943004263407266,1
0.2401824178453134,0.3153461566602878,0.4444714254943989,2
0.3718303565391389,0.20909983636155258,0.4190698070993085,2
0.3559386737637401,0.2603538945329439,0.3837074317033159,0
0.23588167342012706,0.3657076807318715,0.3984106458480012,2
0.14822019040138576,0.3202666375276658,0.5315131720709486,0
0.31942296415672006,0.2885342999021371,0.39204273594114286,1
0.3434306752871899,0.2763501888860415,0.38021913582676864,1
0.08406601159617647,0.2559421457409798,0.6599918426628438,1
0.10461935577099128,0.2832393555011273,0.6121412887278815,1
0.10748207285519654,0.42166268170927557,0.4708552454355278,1
0.14792657372338433,0.3895984560628096,0.4624749702138061,2
0.09712711614278136,0.25289579474187496,0.6499770891153437,1
0.10834905119284066,0.3550159844325365,0.5366349643746229,2
0.07889174155350265,0.4487741507864813,0.47233410766001604,2
0.06867135018888108,0.20666498174111467,0.7246636680700043,1
0.8530325264548001,0.10187473469833816,0.0450927388468618,0
0.8754079023045707,0.09231262266966869,0.03227947502576079,0
0.9208632429580593,0.06358688845866703,0.015549868583273539,0
0.852814084735237,0.10641487307878068,0.040771042185982445,0
0.9236542916609587,0.060677809496884526,0.015667898842156542,0
0.8804963296897602,0.08709883878224733,0.0324048315279923,0
0.8833943463018301,0.08937273387599544,0.027232919822174385,0
0.8851287496254565,0.08416087269145181,0.030710377683091726,1
0.8728340517300762,0.09229821172370736,0.034867736546216284,0
0.8851821575892106,0.084374300538086,0.03044354187270328,0
0.8784229406027374,0.0893752868862657,0.03220177251099698,0
0.8942309661696769,0.07849561599772903,0.027273417832594054,0
0.9055606584217367,0.07865545925838509,0.01578388231987823,0
0.8920000087741311,0.0803973545617167,0.027602636664152223,1
0.8431676707549599,0.10824475189655099,0.048587577348488994,0
0.8537590228717258,0.10445407835548735,0.04178689877278708,0
0.8916368821620296,0.08278336410554489,0.025579753732425475,0
0.8298481624300791,0.11584209835636602,0.0543097392135551,0
0.9187654620502806,0.06504682106637404,0.016187716883345287,0
0.8748197064723138,0.08579153959736348,0.039388753930322706,0
0.8245391425643086,0.12802797698330878,0.047432880452382524,1
0.8272810030108418,0.13027687492792958,0.042442122061228486,0
0.9264475568327076,0.057398702227387015,0.01615374093990534,0
0.7843144611649384,0.15310537493401105,0.06258016390105052,0
0.8320553255272426,0.14361355772269113,0.024331116750066367,0
0.7961190596338331,0.14936301452322828,0.05451792584293851,1
0.7402504983681262,0.18694787009158736,0.07280163154028642,0
0.7790201616603508,0.147997686083354,0.07298215225629522,1
0.7246163787605947,0.16850202495621472,0.10688159628319062,0
0.6950222865283467,0.17857511209544155,0.12640260137621168,0
0.5948411885873457,0.2464954752351672,0.15866333617748712,1
0.34870847259534493,0.253298449769244,0.3979930776354111,0
0.3377999973724358,0.27785820134229483,0.38434180128526957,1
0.41095101483092017,0.38873202251457467,0.2003169626545052,2
0.7054284030899038,0.22987474040941117,0.0646968565006849,0
0.6676408169942608,0.22065082719209636,0.11170835581364282,0
0.7202196261720488,0.21707280426872716,0.06270756955922406,1
0.7254055878392931,0.20992677398202972,0.06466763817867717,0
0.7341348545360328,0.20335361536257968,0.06251153010138773,0
0.6899077037434019,0.2467908176793354,0.06330147857726277,0
0.6879215666101174,0.25184494502944355,0.060233488360439104,1
0.682151444444267,0.25626025962090077,0.06158829593483236,0
0.5960106446457735,0.26434055858138994,0.13964879677283662,0
0.6637779344885182,0.22664352730469975,0.10957853820678198,1
0.6601314705406708,0.22487953116268974,0.11498899829663954,0
0.712341699913262,0.20378926322019728,0.08386903686654079,1
0.8980575324177205,0.07207425642724573,0.029868211155033873,0
0.8604251364127722,0.10213642569738998,0.03743843788983786,0
0.900460739436191,0.0703497039108333,0.029189556652975828,0
0.9396600581941142,0.04782118116178685,0.012518760644098912,0
0.9479705466817336,0.040506087599936895,0.011523365718329553,0
0.9500377631578101,0.03886368065248108,0.011098556189708909,0
0.899262362506872,0.0721702096492227,0.028567427843905358,0
0.8969985788911162,0.07402196793795572,0.028979453170928128,0
0.9269490428157635,0.052418257103628914,0.020632700080607663,0
0.9462458979855501,0.03959756000014112,0.014156542014308682,0
0.9368498816890396,0.04457310112167774,0.01857701718928278,0
0.9369218477412629,0.044387665126813254,0.0186904871319239,0
0.9454874117722866,0.04030704932057596,0.014205538907137206,0
0.8884045108093529,0.08046710026417601,0.031128388926470966,0
0.9513308179889274,0.03687043586833869,0.011798746142733869,0
0.9450609737865232,0.04218482819872169,0.012754198014754945,0
0.9000091406679875,0.07170576053680104,0.02828509879521134,0
0.9393435692306066,0.04529861654247719,0.015357814226916056,0
0.9072604133906168,0.06958139117195347,0.023158195437429686,0
0.902111772234033,0.07158073979010982,0.02630748797585698,0
0.6724524506490492,0.25206746202196034,0.07548008732899049,1
0.7042774910227058,0.21919175198923987,0.07653075698805427,0
0.6903786757526488,0.17313738326999553,0.13648394097735575,1
0.6967260832509216,0.22308597437133032,0.0801879423777481,0
0.11185690754247436,0.21864410795598102,0.6694989845015448,1
0.542628984278979,0.26405435346462497,0.193316662256396,2
0.3105052242817786,0.29890913965498406,0.39058563606323726,1
0.3532049646775411,0.271245578499941,0.375549456822518,2
0.29860567831294615,0.29735890130921677,0.404035420377837,2
0.49166422902744994,0.2880455899943998,0.2202901809781504,2
0.3380930075285726,0.3338763452484011,0.3280306472230263,1
0.5126874597272855,0.2877522923823716,0.19956024789034305,2
0.3580182253109025,0.2985321482723547,0.34344962641674276,0
0.3486173445282784,0.26960972648016224,0.3817729289915595,1
0.3304602341321736,0.30090308696175605,0.3686366789060703,0
0.3422351236962906,0.3304568392644351,0.3273080370392743,1
0.37185534678417886,0.3436882764628223,0.28445637675299873,0
0.32819237622510133,0.35154566719554203,0.32026195657935663,0
0.44300681529804625,0.3204872341360086,0.2365059505659453,0
0.556914403918214,0.2402035990646026,0.20288199701718349,1
0.33531825761287565,0.3410691034829942,0.32361263890413017,2
0.3187850447489508,0.356436190648628,0.3247787646024212,2
0.3100253578625347,0.3618833410365659,0.3280913011008993,1
0.35718114304126164,0.30498474207345133,0.337834114885287,1
0.357214676344579,0.2559771793895608,0.38680814426586013,0
0.3751256206046021,0.30111085443695673,0.3237635249584412,2
0.58491765947893,0.2805433588342567,0.1345389816868133,0
0.7129889415297431,0.15156959518060567,0.13544146328965126,1
0.19780557063089108,0.20690640791846585,0.5952880214506432,2
0.1306904586345967,0.2944696586581793,0.5748398827072239,2
0.042237208026438586,0.2610859634174821,0.6966768285560793,2
0.11518745841113091,0.23795972638340793,0.6468528152054611,2
0.06536274614296485,0.14416532481153702,0.7904719290454982,2
0.053515770007155176,0.20396147821740848,0.7425227517754364,2
0.11020700104554523,0.3062541159170517,0.583538883037403,1
0.02971504074252552,0.26398455992365466,0.7063003993338198,2
0.05535967758268636,0.20385704902850593,0.7407832733888077,2
0.055446102705411095,0.21742531732598827,0.7271285799686007,2
0.06662909178940532,0.14749796820984779,0.785872940000747,2
0.027445031219317354,0.26017832352632914,0.7123766452543533,2
0.06548062381532362,0.14184554073337166,0.7926738354513047,1
0.03417946270750254,0.252493064869537,0.7133274724229606,2
0.08001381233385538,0.11650298230177374,0.8034832053643707,2
0.09686067098479134,0.25376540626044236,0.6493739227547665,2
0.09340773905533002,0.12306447427830018,0.7835277866663698,2
0.12081713427534775,0.19250568120856673,0.6866771845160855,2
0.10984925926584668,0.1595278124425192,0.7306229282916341,2
0.10984925926584668,0.1595278124425192,0.7306229282916341,2
0.7474626460996647,0.19900156107263572,0.05353579282769962,0
0.8368874637999637,0.12433883240498034,0.03877370379505606,0
0.8545273048544885,0.10803852663138758,0.037434168514124,0
0.908039194530601,0.07465756203363938,0.01730324343575976,1
0.845120381504027,0.11949298863403965,0.035386629861933264,0
0.844341391193417,0.11984071841106458,0.03581789039551835,0
0.8852568966953491,0.08153430929555731,0.03320879400909368,0
0.8981726327762951,0.0806575704606819,0.021169796763023045,0
0.8896137538036816,0.07666902126071014,0.03371722493560813,0
0.8837129056454068,0.08175730517322058,0.034529789181372623,0
0.9408766255924255,0.04670672256423563,0.012416651843338943,0
0.9222543837146617,0.05224697458574142,0.02549864169959675,0
0.8969671189810438,0.08093492470209276,0.022097956316863423,0
0.8929034303522819,0.07369455242941825,0.03340201721829985,0
0.8936725873785569,0.08352510789405054,0.022802304727392496,0
0.9411489829836449,0.045937159160066236,0.012913857856288883,0
0.861870943328758,0.10779420898894557,0.030334847682296502,0
0.8511858201317752,0.1135149055078444,0.03529927436038039,0
0.9248331106853328,0.05848898787733698,0.01667790143733011,0
0.8511858201317752,0.1135149055078444,0.03529927436038039,0
0.8180890459985071,0.14359560493224446,0.03831534906924826,0
0.9070501402794182,0.06954656928844184,0.023403290432140105,0
0.8169463154899682,0.1431863994468661,0.03986728506316561,0
0.8824617320886096,0.0914298315865405,0.02610843632485013,0
0.8874264152679521,0.08691447538677012,0.0256591093452778,0
0.9085418428667668,0.07549991880235778,0.01595823833087561,1
0.9481409333001235,0.04272770665882765,0.00913136004104881,0
0.9385676922797439,0.04658049243513477,0.014851815285121294,0
0.9224889763327297,0.05723912242128395,0.020271901245986407,0
0.9001048377394314,0.07223535773356003,0.027659804527008777,0
0.9280729101160896,0.05597249498676319,0.01595459489714694,0
0.9317798740944249,0.05325936309587344,0.014960762809701713,0
0.9181479296727327,0.06666748025179332,0.015184590075473983,0
0.9308757664118489,0.051105716422384276,0.018018517165766714,0
0.9302495790605271,0.05407489641807842,0.015675524521394493,0
0.9429793099831176,0.04350298934669571,0.013517700670186773,0
0.9298660517653197,0.05454832053998075,0.01558562769469954,0
0.9330361309422331,0.05222817282754822,0.014735696230218795,0
0.9452341920682773,0.041016976112446465,0.013748831819275867,0
0.9305573630758247,0.054290731917331636,0.015151905006843807,0
0.9424845414166845,0.047910934598505824,0.009604523984809595,0
0.927015185100559,0.05646867845056969,0.016516136448871257,0
0.9417386764506012,0.045558260671124076,0.012703062878274838,0
0.9279656629792157,0.054162700694341974,0.017871636326442394,0
0.9308377557961859,0.053786736519421556,0.015375507684392551,0
0.9391698499576666,0.04690749897516307,0.013922651067170362,0
0.941773263457235,0.045507912886567324,0.012718823656197717,0
0.937815659570801,0.047786569690195395,0.014397770739003658,0
0.942975170733591,0.045259495176229604,0.011765334090179482,0
0.9397684334508052,0.04628811927176046,0.013943447277434259,0
0.9369358627871144,0.04863216170177394,0.014431975511111889,0
0.9405492748304073,0.05038077421540372,0.009069950954189013,0
0.9347393950697453,0.050485573407241524,0.01477503152301292,0
0.935826315986055,0.049365480754033894,0.014808203259910838,0
0.9101427558170617,0.07035125619466191,0.019505987988276328,0
0.92991624810303,0.05421843877741479,0.015865313119555382,1
0.9432746153915481,0.04380470426355263,0.01292068034489932,0
0.9304978457110984,0.055271793920497525,0.01423036036840387,0
0.9521293326701101,0.03716283672572935,0.010707830604160461,0
0.9304978457110984,0.055271793920497525,0.01423036036840387,0
0.9539490865860548,0.03589468809798757,0.010156225315957548,0
0.9320435913167493,0.05443770890338044,0.013518699779870209,0
0.9486823248222086,0.0400438698399867,0.01127380533780485,0
0.9486823248222086,0.0400438698399867,0.01127380533780485,0
0.9422748957070619,0.043982645529216394,0.013742458763721899,0
0.9437252579037226,0.04339130956141505,0.01288343253486269,0
0.9414811549075167,0.044599785928437385,0.01391905916404597,0
0.9427472172524137,0.043567718307073615,0.013685064440512843,0
0.9161111590565537,0.06584761530809814,0.018041225635348095,0
0.9479251701295464,0.0405947732393165,0.011480056631137164,1
0.932701495373444,0.05358482328058421,0.013713681345971571,0
0.932970338014754,0.05316208949583852,0.013867572489407393,0
0.9544955120907782,0.03367376922733488,0.01183071868188701,0
0.9437912579500826,0.04354650434983903,0.012662237700078405,0
0.9280118032480466,0.05465357423015937,0.017334622521794303,0
0.943901307948229,0.043483782816711274,0.012614909235059731,0
0.9320513468250123,0.05261437273262952,0.015334280442358166,0
0.940137726722136,0.044492553060314355,0.015369720217549744,0
0.9433310850987423,0.043844307440079645,0.01282460746117827,0
0.9620241086186577,0.03230178150664225,0.005674109874700099,0
0.9613564110787234,0.033191436226604185,0.005452152694672212,0
0.9419861851698553,0.04415544675633493,0.01385836807380962,0
0.932701495373444,0.05358482328058421,0.013713681345971571,0
0.9302110026516907,0.05485867594330585,0.014930321405003331,0
0.935839044758451,0.04967950303783044,0.01448145220371849,0
0.9539830464464297,0.0351978320676404,0.010819121485929816,0
0.9281041549008956,0.055806894829221014,0.016088950269883547,0
0.9266498776718127,0.05627919779266965,0.017070924535517926,0
0.9433970851451026,0.04399950222850363,0.012603412626393985,0
0.9421300677233226,0.042681372780007644,0.015188559496669625,0
0.9559291413360033,0.03291162663666759,0.011159232027329097,0
0.9433970851451026,0.04399950222850363,0.012603412626393985,0
0.9588944531068714,0.03499876588261352,0.006106781010514991,0
0.9588944531068714,0.03499876588261352,0.006106781010514991,0
0.9421300677233226,0.042681372780007644,0.015188559496669625,0
0.9433970851451026,0.04399950222850363,0.012603412626393985,0
0.9421300677233226,0.042681372780007644,0.015188559496669625,0
0.9592545971305128,0.03486867729810466,0.0058767255713825725,0
0.9422748957070619,0.043982645529216394,0.013742458763721899,0
0.9322551714831662,0.05410072511742952,0.013644103399404204,0
0.9519797669466886,0.03678004523628353,0.011240187817027902,0
0.9428598454711945,0.04332726996468452,0.013812884564121126,0
0.9316688430569086,0.054552475339887434,0.013778681603203958,0
0.9315183812135217,0.054598179241044056,0.013883439545434171,0
0.9489188828829083,0.03782625073892492,0.013254866378166863,0
0.9432798174917565,0.04305131778000665,0.013668864728236876,0
0.9432798174917565,0.04305131778000665,0.013668864728236876,2
0.9294485969313612,0.055885122419592,0.014666280649046839,0
0.9316688430569086,0.054552475339887434,0.013778681603203958,0
0.9579254457480709,0.03508840894205793,0.006986145309871168,0
0.9531269161835294,0.04008061689902619,0.006792466917444318,0
0.9430934317085347,0.043139028689705025,0.013767539601760376,0
0.9538111918178308,0.03947212873294119,0.006716679449228159,0
0.9440727608761191,0.04407828500188012,0.011848954122000554,0
0.9440727608761191,0.04407828500188012,0.011848954122000554,0
0.9312157757310222,0.054910472207598204,0.013873752061379557,0
0.9430932405112907,0.04312211435005518,0.013784645138654138,1
0.9443947009711712,0.043824235746860445,0.011781063281968304,1
0.9419984847087411,0.044019395987319,0.013982119303939746,0
0.9303423378315825,0.056139715206822476,0.013517946961595,0
0.9303423378315825,0.056139715206822476,0.013517946961595,0
0.9425105233540024,0.04383493044476355,0.013654546201233946,1
0.9385256312855735,0.04835793045197528,0.013116438262451196,0
0.9419715767581398,0.04463365520059057,0.013394768041269491,0
0.9309310522529054,0.05551377725256029,0.01355517049453428,0
0.9429922041956236,0.04917564190355941,0.007832153900816817,0
0.9443947009711712,0.043824235746860445,0.011781063281968304,0
0.9430932405112907,0.04312211435005518,0.013784645138654138,0
0.9432245140229314,0.04494223998771173,0.011833245989356833,0
0.9419984847087411,0.044019395987319,0.013982119303939746,0
0.9428842349991242,0.04494644165203416,0.01216932334884155,0
0.9389216302046187,0.048111317974790686,0.01296705182059081,0
0.9384196599020681,0.04778162136119644,0.013798718736735506,0
0.9262014473425259,0.059833667568185256,0.01396488508928872,0
0.9308658036717053,0.05560007349627022,0.013534122832024315,0
0.9395678697537546,0.04785385598317432,0.01257827426307101,0
0.8109530485588652,0.140129339818057,0.04891761162307767,0
0.5257835157456272,0.19912530536542197,0.27509117888895085,0
0.8019996339813885,0.13246173519946555,0.06553863081914593,1
0.5217230505015346,0.19738802788815746,0.28088892161030804,2
0.6275925826759102,0.21479082714975958,0.15761659017433022,1
0.6482657453692193,0.20458939725583195,0.14714485737494856,2
0.4921337614994906,0.19470388886832316,0.3131623496321862,2
0.4309044065616278,0.1589864547618711,0.4101091386765011,0
0.5454473069495063,0.22093360002881948,0.23361909302167425,2
0.48328900367484146,0.2428564858295895,0.273854510495569,0
0.3918729324355267,0.2601921880283712,0.3479348795361022,0
0.4310718769560478,0.2594326842797509,0.3094954387642014,0
0.3181525638116692,0.3540660495128453,0.32778138667548556,1
0.19709632127578922,0.4735001109411164,0.32940356778309426,0
0.4675674789458906,0.138013275712252,0.39441924534185724,2
0.5096110387336912,0.20242613022457193,0.287962831041737,2
0.7331588171240947,0.12014689149252862,0.1466942913833766,0
0.6985288940133829,0.1474862549479157,0.15398485103870124,0
0.7094692034827376,0.16423878465222236,0.12629201186504013,0
0.6889127023715048,0.16872802007270835,0.14235927755578698,0
0.7462077220827179,0.13502040706424606,0.11877187085303606,1
0.6866473259424402,0.17057653037885778,0.1427761436787021,0
0.601283923692946,0.19243276519105562,0.20628331111599824,0
0.5907853397575805,0.23451065530430526,0.1747040049381142,0
0.7914904702950051,0.11716695096389707,0.09134257874109784,0
0.7316741725203836,0.15219809784575952,0.116127729633857,0
0.8138154421488558,0.11018570417437214,0.07599885367677224,0
0.7476361014301384,0.12977848540776182,0.12258541316209966,0
0.8733563379821337,0.082958191379328,0.04368547063853836,0
0.7988160518044678,0.15184842864530662,0.049335519550225505,0
0.8350967416148383,0.11643954017870085,0.04846371820646089,0
0.8798595814845419,0.08133451455210895,0.03880590396334911,0
0.8487959397355905,0.10380750701882104,0.04739655324558826,1
0.8460854579707632,0.11054873891166397,0.0433658031175727,1
0.8323529332062698,0.12673131114684077,0.04091575564688938,0
0.8345062224362783,0.12525644227613622,0.04023733528758539,0
0.8387147130199588,0.11237636231244133,0.048908924667599725,0
0.8239213608970518,0.13566162738665183,0.040417011716296324,0
0.8381059870783462,0.10900350029867269,0.05289051262298122,0
0.8174055846998866,0.12302985120896424,0.05956456409114908,0
0.8761443211896726,0.0931354208537032,0.030720257956624135,0
0.8450062912404833,0.10797936952077423,0.04701433923874244,0
0.897571473580234,0.07332231348187322,0.02910621293789276,0
0.8640286147397608,0.09206005134759013,0.043911333912649154,0
0.8237601490957893,0.09384430972985815,0.08239554117435235,0
0.8022525231557706,0.13076074292788673,0.0669867339163428,0
0.8108907329778875,0.13619099358937278,0.052918273432739575,2
0.8220535503443905,0.122611455125006,0.055334994530603546,0
0.7699786969632496,0.16842200704908478,0.06159929598766565,0
0.7839725175035648,0.16207932765114438,0.05394815484529088,1
0.8418718806652272,0.11760183233008177,0.04052628700469106,2
0.8338199270634853,0.12435682740685539,0.041823245529659506,0
0.8438314583371996,0.10974492062138415,0.04642362104141617,0
0.8516248885318994,0.11648782230574409,0.03188728916235657,0
0.8380374791388302,0.1214349516786009,0.040527569182568855,0
0.8380374791388302,0.1214349516786009,0.040527569182568855,0
0.8396609947219079,0.11570749823894652,0.04463150703914555,0
0.8396609947219079,0.11570749823894652,0.04463150703914555,0
0.8373767189354828,0.1160417095090835,0.04658157155543368,0
0.7658694190648001,0.15393920418856855,0.08019137674663139,0
0.39623172598257694,0.31020232570853523,0.2935659483088878,0
0.10072393757591284,0.12533236977921117,0.773943692644876,1
0.7318160206185479,0.132909142653531,0.1352748367279213,0
0.8070286949244591,0.12540153378071509,0.06756977129482579,0
0.8022525231557706,0.13076074292788673,0.0669867339163428,0
0.8315353305367452,0.11604582561179196,0.05241884385146289,0
0.5327851684283603,0.24847042085494803,0.21874441071669165,2
0.8533078218406904,0.09774974851325884,0.04894242964605081,0
0.6874066943519368,0.18916373215408874,0.12342957349397435,1
0.8324537604763095,0.12144622783510238,0.04610001168858808,0
0.9419984847087411,0.044019395987319,0.013982119303939746,0
0.9229536815929382,0.05721448935030465,0.019831829056757278,0
0.16397856696904706,0.19347939341853784,0.6425420396124151,0
0.04220263925031115,0.21091453293018797,0.7468828278195009,2
0.9458275947291945,0.043085101915111126,0.01108730335569445,0
0.03601974421042232,0.14160035092810505,0.8223799048614727,1
0.9451669426288503,0.046980828801978305,0.007852228569171494,1
0.8364596549555217,0.1263645266203993,0.03717581842407917,0
0.40647972201445587,0.2565876333189215,0.33693264466662265,1
0.8547688269960115,0.10033293170138997,0.04489824130259838,1
0.37722723380845796,0.27080675017831035,0.35196601601323163,1
0.8129208724736878,0.11742473430605493,0.06965439322025728,0
0.7971570672393202,0.15031629903366864,0.052526633727011156,0
0.8317090725071102,0.12336856319325197,0.04492236429963793,0
0.06009302276283155,0.44736791125295977,0.4925390659842086,1
0.9283434164222283,0.057577436613656906,0.01407914696411482,0
0.7523061217007248,0.16671651661702153,0.08097736168225378,0
0.06822758933950145,0.29299697461250457,0.638775436047994,1
0.8382722351060935,0.12349720728848276,0.038230557605423765,0
0.1600115776068169,0.2920991662361379,0.5478892561570452,2
0.926991009780262,0.05678427586158805,0.016224714358149823,0
0.1954590107169298,0.3760975580525963,0.42844343123047385,2
0.9487256153681412,0.043032043127704464,0.00824234150415448,0
0.9432068805573149,0.04372216490755586,0.013070954535129149,0
0.18704709543496437,0.29209497302727155,0.520857931537764,2
0.9201359943564854,0.06031754741097585,0.019546458232538675,0
0.9345332968560837,0.05041164957888111,0.015055053565035168,0
0.5321215977642747,0.2092624871693761,0.2586159150663492,0
0.14132214441770988,0.18726234118968982,0.6714155143926003,0
0.7482123227613489,0.18398519189667345,0.06780248534197772,0
0.04074103655461968,0.10888808196009465,0.8503708814852856,2
0.17590565014715617,0.24855104706003858,0.5755433027928051,2
0.1684280278878639,0.1845981197443754,0.6469738523677607,2
0.9278366381699387,0.057885608350690086,0.01427775347937127,1
0.17152704611596917,0.4515282052359629,0.37694474864806793,1
0.9455932695412145,0.039930362932955196,0.01447636752583025,1
0.6087244722667061,0.17678843004762967,0.21448709768566412,0
0.9041223396296961,0.07929816119887724,0.016579499171426624,0
0.7664356646267185,0.11620827829971961,0.11735605707356182,0
0.764035095660404,0.16207092531117476,0.07389397902842124,1
0.27609925140211555,0.2519585185491557,0.4719422300487288,2
0.10450702723850157,0.2151477931544688,0.6803451796070298,2
0.5656517620181353,0.22863296922709683,0.20571526875476784,0
0.8777765092262749,0.10461874419080892,0.017604746582916154,1
0.8220569795431716,0.11400392295294623,0.06393909750388231,0
0.44317693447385986,0.12583604984913982,0.4309870156770002,0
0.11203624889015466,0.20454493065498378,0.6834188204548617,0
0.535402651635101,0.31317218442872274,0.1514251639361763,0
0.8123368661892006,0.1314420647411012,0.056221069069698114,0
0.7477271072571513,0.1797202164810718,0.0725526762617769,0
0.6541999639966096,0.17045761217827596,0.17534242382511442,2
0.4716037718859333,0.2105118432674691,0.31788438484659765,1
0.9492868726121638,0.03735497404483467,0.013358153343001517,0
0.09494595266574461,0.20391552080726677,0.7011385265269886,2
0.8945123577239131,0.07800168235409655,0.0274859599219904,1
0.6259246605175749,0.23781947803683484,0.13625586144559032,0
0.9437912579500826,0.04354650434983903,0.012662237700078405,0
0.788025551936182,0.13382754981017636,0.07814689825364174,0
0.346111985807119,0.12682704225981192,0.5270609719330691,0
0.8483997127294295,0.11080772975512979,0.04079255751544084,0
0.5230581359791145,0.41590018558500697,0.06104167843587867,1
0.8936755892591176,0.07531661113797408,0.031007799602908368,0
0.8875513766957106,0.07826941639530434,0.03417920690898508,0
0.3358614347912829,0.20527020295445886,0.45886836225425814,1
0.5705751284650448,0.2480978944971298,0.18132697703782555,2
0.055175744968040286,0.11601512693667679,0.8288091280952828,1
0.08977942820369382,0.15853201120765623,0.75168856058865,2
0.3267723073286427,0.34481282329316637,0.3284148693781909,1
0.16591775569681574,0.2333227446897255,0.6007594996134588,0
0.1605636769328734,0.2288122342731637,0.6106240887939629,2
0.8241580380354757,0.12784350596258565,0.047998456001938715,0
0.8352704767604838,0.11275467280085208,0.051974850438663976,0
0.061295466709519665,0.13776443855850232,0.8009400947319779,2
0.08076186821466472,0.39594602004942053,0.5232921117359147,2
0.7510823707984507,0.1690670104438768,0.07985061875767244,1
0.387125110901115,0.32291477369580607,0.28996011540307903,0
0.9165438700996683,0.05471260619368056,0.028743523706651158,0
0.9252254938066384,0.056455987181400415,0.018318519011961323,0
0.04550287453423677,0.18709813804586983,0.7673989874198934,2
0.11545383159837742,0.18774349450611086,0.6968026738955116,2
0.9177775638088315,0.06310274205702439,0.019119694134144136,0
0.056950089870246,0.20307537832458228,0.7399745318051718,2
0.08091715451516535,0.1202527380564856,0.7988301074283491,1
0.7471011550419142,0.18103489441299878,0.07186395054508699,0
0.09494910675719047,0.15492195065954592,0.7501289425832635,2
0.9262590572266538,0.05144384828705458,0.022297094486291365,0
0.6444195403098562,0.20007285332859692,0.15550760636154695,0
0.6840706114430416,0.1950833429744024,0.12084604558255597,0
0.9083361518106583,0.07056279986598778,0.021101048323354,0
0.06672899640296026,0.09261389492147738,0.8406571086755623,2
0.0530760264706713,0.18289033744200986,0.7640336360873189,2
0.15577269965912818,0.24193620308997482,0.6022910972508971,0
0.3381978096273957,0.3435208655436472,0.31828132482895705,0
