prediction_-1,prediction_0,prediction_1,target
0.2826386518727597,0.30869401315322775,0.40866733497401253,2
0.16089916646510116,0.31628155348178594,0.5228192800531128,0
0.13716483235621083,0.3661872383727183,0.49664792927107093,1
0.15692751110706327,0.41159928562797987,0.43147320326495686,1
0.17812098723344227,0.3540439649625645,0.4678350478039932,2
0.10034475107306419,0.3545512937495808,0.5451039551773551,2
0.10942935602873148,0.430447954849128,0.46012268912214055,1
0.15476959284407651,0.41858249513896795,0.4266479120169556,1
0.15476959284407651,0.41858249513896795,0.4266479120169556,2
0.10942935602873148,0.430447954849128,0.46012268912214055,2
0.11172268764522067,0.37497759389334784,0.5132997184614315,2
0.167026378063722,0.27701816275779545,0.5559554591784825,2
0.8549365893787144,0.09431773248378016,0.05074567813750538,0
0.8204544395134039,0.12184129232442423,0.05770426816217195,0
0.830357316936043,0.11635616831453313,0.05328651474942382,0
0.8837190011655238,0.0768538504610819,0.03942714837339418,0
0.15821473536386593,0.24000719400134074,0.6017780706347934,2
0.12571369379037736,0.17164632520855871,0.702639981001064,1
0.10491680627796308,0.1517279796048282,0.7433552141172086,0
0.11977424698582928,0.18869271201373977,0.691533041000431,1
0.11862354053758704,0.136493583751202,0.7448828757112109,2
0.1884222420510191,0.22527929862608465,0.5862984593228963,2
0.08470360951304136,0.1658618583749235,0.749434532112035,2
0.11699803499142901,0.13900159257036035,0.7440003724382107,2
0.09459573812206194,0.1808371867426297,0.7245670751353084,1
0.2269988715862288,0.24834425972091326,0.524656868692858,2
0.08437484761373548,0.1580245705705375,0.757600581815727,2
0.19145883955134918,0.18288529721591504,0.6256558632327357,2
0.08186732434157645,0.17113288889842715,0.7469997867599965,2
0.11363709536527795,0.19699675437227027,0.6893661502624518,0
0.22565842615997478,0.23203372362024688,0.5423078502197785,2
0.13566118236291824,0.22611369704407053,0.6382251205930112,2
0.21278040987260655,0.28060959700487875,0.5066099931225146,2
0.15290313528362093,0.1785325298738269,0.6685643348425522,1
0.15670546562825063,0.22845793407195614,0.6148366002997933,1
0.14176150083205655,0.2139752038386251,0.6442632953293184,1
0.1565971341345067,0.219930207820323,0.6234726580451703,0
0.14063039916750592,0.2145862848544596,0.6447833159780345,0
0.2211105404195629,0.23659770411334904,0.542291755467088,2
0.20401758006002638,0.2017486651675566,0.594233754772417,2
0.19800032414085644,0.18914236727535874,0.6128573085837848,2
0.22991826317616604,0.2216686383429237,0.5484130984809104,2
0.08877960630847384,0.21276184861016673,0.6984585450813595,2
0.11062811714778226,0.2015146897228754,0.6878571931293423,2
0.1472914745505004,0.22231017856030572,0.6303983468891938,1
0.1567568428545345,0.21885923703381105,0.6243839201116544,2
0.8640612997103607,0.09247039096125921,0.043468309328379896,0
0.8657971369431241,0.10480897031851397,0.02939389273836198,0
0.8845003346867415,0.08497794130547077,0.03052172400778768,0
0.8708717432729898,0.08984761287888869,0.03928064384812132,0
0.8683657192315579,0.09317434759777769,0.038459933170664415,0
0.8531114435761415,0.10524651108653163,0.041642045337326794,0
0.8715654590183424,0.09391872737849535,0.03451581360316228,0
0.8720485943299536,0.08956401955450338,0.03838738611554297,0
0.8864269095051739,0.08081380701434845,0.03275928348047757,0
0.8678785069352931,0.09053972101028149,0.04158177205442549,0
0.8795868851594217,0.08950823923187055,0.030904875608707635,0
0.8657634573066272,0.09766048768184751,0.03657605501152527,0
0.15164807663971314,0.15560109260115326,0.6927508307591336,2
0.2610317907907146,0.12228659846765576,0.6166816107416296,2
0.07632798337952702,0.1750823711868862,0.7485896454335867,2
0.12629262502279573,0.14797052721511422,0.72573684776209,1
0.12270116076712652,0.14226336457504504,0.7350354746578284,2
0.1309849538400031,0.14386189310933173,0.7251531530506652,2
0.0961861221138319,0.14981710013768443,0.7539967777484836,2
0.09332369166948168,0.1790113006144973,0.727665007716021,2
0.8730988175377918,0.0924558155108835,0.03444536695132451,0
0.8619354878985152,0.09027610959476992,0.04778840250671483,0
0.8730988175377918,0.0924558155108835,0.03444536695132451,0
0.886978368683144,0.08132709549756943,0.031694535819286655,0
0.8656348444117726,0.09162261725680412,0.04274253833142331,0
0.8747693600783326,0.08607958577797288,0.03915105414369461,0
0.8793292883741477,0.08820312912559586,0.032467582500256345,0
0.7925974588239167,0.129686526583718,0.07771601459236532,0
0.866755000389795,0.08665660762516701,0.04658839198503799,1
0.8688480786149175,0.08957140637814288,0.04158051500693949,0
0.8217237185989689,0.12993952081893398,0.048336760582097085,0
0.8601435457165224,0.1014438170307479,0.038412637252729795,0
0.8684193282728421,0.09316622658499185,0.03841444514216594,1
0.8041335833734853,0.13947917905285367,0.056387237573661056,0
0.8440181876476516,0.11770411958809666,0.03827769276425163,0
0.8017689583181782,0.14214885296640442,0.056082188715417425,0
0.8441792996162716,0.11791188849371444,0.03790881189001403,0
0.7148234246523043,0.19518302752213001,0.08999354782556561,0
0.7358886123171476,0.18052940018492802,0.08358198749792435,0
0.7080129839569095,0.20373698970283377,0.08825002634025673,2
0.6744026880346301,0.21195406391895938,0.11364324804641049,1
0.8668560858559301,0.08699945864045196,0.04614445550361794,0
0.86625946139638,0.08868188546317493,0.04505865314044515,0
0.874178869561266,0.09057070576045985,0.03525042467827401,0
0.872026252899035,0.09327566884105362,0.03469807825991144,0
0.8760170871824814,0.09206395808455835,0.031918954732960206,0
0.8984397387479421,0.08199082837130059,0.01956943288075727,1
0.8725713176584415,0.09788872234236529,0.029539959999193247,0
0.8606388270000005,0.10308316117803079,0.03627801182196879,0
0.8703584796683057,0.09659653185207506,0.03304498847961936,0
0.8581355608002121,0.10966357576334064,0.0322008634364472,0
0.8021069719126881,0.1140359792770454,0.08385704881026651,1
0.8021069719126881,0.1140359792770454,0.08385704881026651,0
0.8660387731008333,0.10078047010826646,0.03318075679090034,0
0.8204732432084043,0.13719279935965906,0.04233395743193655,0
0.8330934902551442,0.12313256392040292,0.043773945824452744,0
0.8738518172460313,0.10097578811760681,0.025172394636361957,0
0.8708726431317181,0.09665266509782844,0.032474691770453507,0
0.8722309729195226,0.10291092763376747,0.024858099446710066,0
0.8546693561388388,0.09376261723752113,0.05156802662364014,0
0.8515765712471424,0.07443874502505818,0.07398468372779948,0
0.880640874628072,0.0799968552910414,0.03936227008088661,0
0.8777303944811361,0.07694503399630467,0.04532457152255911,0
0.8668560858559301,0.08699945864045196,0.04614445550361794,0
0.866405847121516,0.08746897631963664,0.046125176558847375,0
0.07478546558949342,0.13348480812114127,0.7917297262893652,2
0.06527979657355698,0.11873685007435081,0.8159833533520922,2
0.10096029577142182,0.13960016150173848,0.7594395427268397,2
0.059368137107771876,0.1268770939252983,0.8137547689669299,2
0.07281460078926483,0.15077709141472936,0.7764083077960058,2
0.09123924182936406,0.12271154047091681,0.7860492176997191,2
0.03902575781514784,0.13553777095019962,0.8254364712346526,2
0.0714830916786378,0.14081022591152637,0.7877066824098359,2
0.043046838425219947,0.15073399462586254,0.8062191669489176,2
0.07284172150276691,0.14484976358161933,0.7823085149156139,2
0.03902575781514784,0.13553777095019962,0.8254364712346526,2
0.07075659376700563,0.13733844849658128,0.7919049577364132,2
0.08309762913996882,0.123889786933814,0.7930125839262172,2
0.04938658278572964,0.12084725453248704,0.8297661626817834,2
0.07541425230744457,0.14554433717993287,0.7790414105126224,2
0.09292517765376118,0.13122980021174774,0.7758450221344911,2
0.10380383111857576,0.2507804168425748,0.6454157520388495,2
0.10638042500230294,0.12896006613453337,0.7646595088631637,2
0.06338543562212265,0.11695019191542727,0.81966437246245,2
0.06157829535383589,0.10856104373533408,0.82986066091083,2
0.06265641071434902,0.11645477184691802,0.820888817438733,2
0.08134508662986048,0.12844395242969822,0.7902109609404413,2
0.09381849079225088,0.16035872894690678,0.7458227802608424,2
0.06188519637217533,0.11538191298051528,0.8227328906473095,2
0.10068422612912109,0.2150800138243375,0.6842357600465414,2
0.08153579788695123,0.1547812342730053,0.7636829678400435,2
0.09510272926528196,0.13792812597338347,0.7669691447613345,2
0.10260622300251815,0.14748400847927898,0.7499097685182028,1
0.08951698404577599,0.16577788019114853,0.7447051357630756,2
0.09855316649526935,0.14319917234779372,0.758247661156937,2
0.09529738637992674,0.14329102568586946,0.7614115879342037,0
0.11658781853412924,0.1733370756214813,0.7100751058443895,2
0.0608042418811368,0.1637598343310865,0.7754359237877768,0
0.1002670736201555,0.14190898818392803,0.7578239381959164,2
0.14633775763122542,0.1420925222604953,0.7115697201082791,2
0.08306992567062345,0.17130519666725616,0.7456248776621204,2
0.10447602248107277,0.16182143769371185,0.7337025398252153,1
0.05832630321711196,0.15611156261467657,0.7855621341682115,0
0.09287198061600728,0.21826174614677007,0.6888662732372226,2
0.08068870259674957,0.2064081478422419,0.7129031495610084,1
0.07020047794852133,0.13947773654271156,0.790321785508767,2
0.061898831100592536,0.1192396314201741,0.8188615374792334,2
0.05034870720663763,0.1516579744116479,0.7979933183817143,2
0.038863429469164296,0.14408942078334788,0.8170471497474878,2
0.04686795960837041,0.14710482837049077,0.8060272120211389,2
0.04958751029462833,0.1310001318544924,0.8194123578508792,2
0.0687961338149326,0.1505548219491514,0.780649044235916,1
0.07365711170534682,0.17164621342922737,0.7546966748654258,1
0.05851745667296726,0.2073183530077728,0.7341641903192601,2
0.0705089245658902,0.1533302344378961,0.7761608409962137,2
0.06795994056903401,0.1519707256731227,0.7800693337578433,2
0.08227884582475282,0.1912551557877512,0.7264659983874958,2
0.058767184295983814,0.16004185248536526,0.781190963218651,2
0.05110396196423912,0.12166860889468695,0.827227429141074,2
0.05847596339660281,0.20290920318154235,0.7386148334218549,2
0.05277253238166818,0.1304257897433359,0.816801677874996,1
0.0418795299035968,0.16170484729732085,0.7964156227990823,2
0.06045832367578419,0.20038752867912302,0.7391541476450928,2
0.05962470094264328,0.25572048397817576,0.6846548150791808,2
0.04971239063841186,0.1501734204930507,0.8001141888685375,2
0.06715476646038886,0.3930418545333442,0.5398033790062667,1
0.046592327915309706,0.25501293308264456,0.6983947390020457,2
0.047733489864166416,0.2571899859176573,0.6950765242181762,1
0.0958479445164381,0.35839147206867183,0.5457605834148901,1
0.06788155106858407,0.4010699968440292,0.5310484520873866,2
0.06788155106858407,0.4010699968440292,0.5310484520873866,2
0.7650719359065552,0.1338359935024387,0.10109207059100611,0
0.6916529251184388,0.16608186337546377,0.14226521150609744,0
0.22494010610802334,0.22401514297760602,0.5510447509143706,2
0.277883652455543,0.19264317764708158,0.5294731698973754,2
0.21667618530308919,0.121925717068774,0.6613980976281367,1
0.24568445007461864,0.21455077173236847,0.5397647781930128,2
0.1825468695908673,0.22428675457265432,0.5931663758364785,1
0.19898263708972894,0.19351527497266996,0.6075020879376011,0
0.24703539755525677,0.2010755513941528,0.5518890510505905,2
0.2231429626847993,0.23950815258574343,0.5373488847294573,0
0.7165743477130981,0.14404130139026372,0.1393843508966383,1
0.6609867682292581,0.18438176222807484,0.15463146954266696,0
0.6449626142221606,0.20776850719952944,0.1472688785783099,0
0.719299200225735,0.13780682672274425,0.14289397305152085,1
0.7292407870165519,0.14429350178341693,0.1264657112000312,0
0.6463434831762342,0.20320748490915694,0.15044903191460873,0
0.7089841028673289,0.13125620232217367,0.15975969481049748,0
0.6723423155159286,0.17218278699338557,0.1554748974906858,0
0.1392026259398961,0.19779425753429486,0.6630031165258091,2
0.1967358628657353,0.12544282534510778,0.6778213117891569,2
0.2602035789644593,0.20182194735598158,0.5379744736795591,2
0.2888536753771163,0.13568678597083544,0.5754595386520482,2
0.19225855352358365,0.1383257178197556,0.6694157286566607,2
0.173228059586516,0.18694477551838756,0.6398271648950965,2
0.4476907045341286,0.12028419683130803,0.43202509863456334,0
0.5248863689216584,0.12509584915178917,0.3500177819265524,2
0.5660778170541305,0.12068332623764788,0.3132388567082215,0
0.4210663173628293,0.12746661109810686,0.4514670715390639,0
0.5582740266416445,0.121612348905801,0.3201136244525545,2
0.5342338717915543,0.12673067395579748,0.3390354542526481,0
0.18200199047520635,0.13803989466562236,0.6799581148591712,2
0.19664506216456495,0.13407566975185303,0.669279268083582,2
0.17496267286238432,0.25630551234327215,0.5687318147943434,0
0.2901380309781517,0.2033741798773609,0.5064877891444874,2
0.5696100019041861,0.15436907132403652,0.2760209267717775,1
0.5152045534444335,0.24972651352831501,0.23506893302725154,2
0.27003173602516367,0.1477246475146501,0.5822436164601862,1
0.2503304773338551,0.13767341615790057,0.6119961065082443,2
0.08826161197724301,0.2017175989043275,0.7100207891184295,2
0.12069618461008413,0.17083775461591605,0.7084660607739998,1
0.14940148738289394,0.20792550977771038,0.6426730028393957,2
0.172785570253089,0.17844241146852016,0.6487720182783908,2
0.2658353799701515,0.14937952593527162,0.5847850940945769,0
0.22622042708232132,0.21833409429962575,0.5554454786180529,1
0.24522375948078712,0.2600384702028971,0.4947377703163158,2
0.23705715136060593,0.28980754839680045,0.4731353002425936,2
0.320827025045102,0.2898859313441538,0.3892870436107441,0
0.3672399758373191,0.3413033083895143,0.29145671577316656,1
0.45438716324202943,0.3226592461331839,0.22295359062478676,2
0.37023234065576904,0.29055054291761206,0.3392171164266189,0
0.2870946219533618,0.1505435454617167,0.5623618325849216,1
0.2354305319083444,0.3209441003811773,0.4436253677104783,2
0.481966223484593,0.18361758580343523,0.3344161907119718,2
0.3795441116088176,0.25969711254461353,0.3607587758465689,0
0.2158287531303364,0.3427511042547872,0.4414201426148764,2
0.13598135904042274,0.2983041197852806,0.5657145211742968,0
0.40221537245752725,0.21398582339515665,0.3837988041473161,1
0.40387062652724437,0.2191671480158799,0.37696222545687574,1
0.12622532865092376,0.297250666662561,0.5765240046865152,1
0.11175611815107123,0.36460054290709115,0.5236433389418376,1
0.15742482116772083,0.3676605341553225,0.47491464467695665,1
0.15959512497087272,0.4108083998671845,0.42959647516194277,2
0.08924839730619792,0.20654457526455036,0.7042070274292517,1
0.10670509266579511,0.40253700089445843,0.4907579064397466,2
0.11294571152773596,0.4224383145292868,0.46461597394297727,2
0.08196426339404837,0.22313363207687192,0.6949021045290796,1
0.8563409121240989,0.10423412624591022,0.0394249616299909,0
0.8713662959792031,0.09730246157660907,0.03133124244418784,0
0.9118714556301009,0.06880842024487571,0.019320124125023395,0
0.8626794308857972,0.10134263788843664,0.035977931225766036,0
0.908965428634059,0.07182009233736052,0.01921447902858031,0
0.8748006685703087,0.09264160408312322,0.032557727346568005,0
0.8841289100253414,0.09047535886460589,0.02539573111005263,0
0.8825592022910027,0.08736529792224693,0.030075499786750406,1
0.8747752171421859,0.09179476712458395,0.03343001573323016,0
0.8824099221824253,0.08779054019218127,0.029799537625393356,0
0.8797890554339036,0.08843023121475506,0.03178071335134125,0
0.869974856376035,0.10609707625363082,0.02392806737033419,0
0.9036100137484774,0.0780497722238617,0.01834021402766091,0
0.8823799497899488,0.09358616716825732,0.024033883041793717,1
0.8058650656166835,0.1295658749841784,0.06456905939913817,0
0.8736029903492303,0.08904327534527694,0.037353734305492804,0
0.8634120976751083,0.10277424709105885,0.03381365523383281,0
0.8196973641462425,0.12361188405038853,0.05669075180336906,0
0.9000379896550053,0.08098796127274088,0.018974049072253793,0
0.8780887612355223,0.08845460648567335,0.0334566322788043,0
0.8271576517014129,0.1265760134739754,0.04626633482461191,1
0.8761293936327619,0.09789206324437712,0.025978543122860916,0
0.8770656243897595,0.0958751682690781,0.027059207341162392,0
0.7772849943937168,0.15655521950229925,0.06615978610398399,0
0.8472404622248197,0.12771804263597752,0.025041495139202733,0
0.7872021686828715,0.15567664429010739,0.057121187027021174,1
0.7568025968723031,0.1791404088885377,0.06405699423915917,0
0.779741145286558,0.14744120654682066,0.07281764816662127,1
0.7263960242386175,0.16865431165599942,0.1049496641053832,0
0.7122778215232721,0.1763377400659328,0.11138443841079504,0
0.4823189059877569,0.26737907974140335,0.2503020142708398,1
0.38972888926232707,0.2678831395749956,0.3423879711626774,0
0.37701038067166476,0.2894022029810377,0.3335874163472975,1
0.43432508841288875,0.3625656154142256,0.20310929617288567,2
0.7335904098514092,0.19338417763302454,0.07302541251556632,0
0.6914033026889004,0.20690850746204614,0.1016881898490535,0
0.7354482179862152,0.19121919750600175,0.07333258450778306,1
0.7355429305199241,0.19242975610855526,0.0720273133715207,0
0.7354482179862152,0.19121919750600175,0.07333258450778306,0
0.7069742211116148,0.2186130532279351,0.07441272566045007,0
0.6754380235090296,0.24341771221692124,0.08114426427404914,1
0.6702877761640276,0.247448824350929,0.08226339948504352,0
0.5793329373124466,0.2769325870703406,0.14373447561721286,0
0.607551035328348,0.2421924561658785,0.15025650850577357,1
0.607551035328348,0.2421924561658785,0.15025650850577357,0
0.7270493580192146,0.18157347352908318,0.09137716845170216,1
0.8924976140729728,0.08086829542478331,0.026634090502243832,0
0.8619298764921526,0.10027964267425689,0.03779048083359042,0
0.9009457469989663,0.07418539706665073,0.024868855934382893,0
0.918701258115688,0.0650359778770661,0.016262764007245946,0
0.9268544341400881,0.05822432903009766,0.014921236829814256,0
0.9278813636530129,0.05779269120564789,0.014325945141339206,0
0.8933463039865132,0.07780091174709036,0.028852784266396474,0
0.8907052231014648,0.07996129641727888,0.029333480481256377,0
0.9172185162087068,0.06015050265276604,0.02263098113852719,0
0.9224302741840599,0.062301284995747316,0.0152684408201928,0
0.9274251985427283,0.05169112674164016,0.020883674715631472,0
0.9268766670863502,0.05225595121157412,0.020867381702075683,0
0.9419352396398702,0.04482187592940309,0.013242884430726683,0
0.8863558869794236,0.08358424922291612,0.030059863797660142,0
0.9333009492912052,0.05155153706213426,0.0151475136466604,0
0.9289716924972427,0.05411095603882196,0.016917351463935443,0
0.893259794174999,0.07793184386209268,0.02880836196290825,0
0.9362531770579173,0.04956926541834786,0.014177557523734771,0
0.8653853129938947,0.0997092124405904,0.03490547456551489,0
0.902870659226943,0.06948322672291617,0.027646114050140877,0
0.7087338979870466,0.2116502568536547,0.07961584515929869,1
0.7270267933924315,0.19077475880481193,0.08219844780275651,0
0.7216562042490458,0.16359378256495963,0.11475001318599468,1
0.6817065019596787,0.21230754388068004,0.1059859541596413,0
0.1887205874782457,0.14675888191999537,0.664520530601759,1
0.4981819783860688,0.275096695443838,0.2267213261700932,2
0.3252970787644007,0.3223733315107927,0.3523295897248065,1
0.37481323021141505,0.2528886032626737,0.37229816652591124,2
0.3238547245839113,0.3241432006473363,0.35200207476875245,2
0.4231618440132575,0.29607381080237033,0.2807643451843721,2
0.3217537512789097,0.3214053457021182,0.3568409030189721,1
0.45183510551690204,0.29069834225927593,0.257466552223822,2
0.39281404924223473,0.29733943999729234,0.30984651076047287,0
0.3847488084311913,0.28295093236026986,0.3323002592085389,1
0.3731372232052709,0.30472118301365575,0.32214159378107343,0
0.35943959935630576,0.3079172990397686,0.3326431016039256,1
0.36031002731803313,0.3022275507593907,0.3374624219225762,0
0.3385593294569723,0.3146679815154712,0.34677268902755654,0
0.45270177485132146,0.2817381887772457,0.2655600363714329,0
0.5703187977269629,0.2263424019093515,0.2033388003636855,1
0.31662512203373894,0.30154533741276646,0.3818295405534946,2
0.32737139338023735,0.31286836664281387,0.3597602399769487,2
0.3054145402374779,0.3219385718083061,0.3726468879542161,1
0.38452477165351756,0.3000543780220888,0.3154208503243936,1
0.3745241857601819,0.2892096019543662,0.3362662122854519,0
0.43762274949280827,0.2759149584099107,0.2864622920972811,2
0.49811805535058606,0.30375435429779973,0.19812759035161417,0
0.7431421380673284,0.13679057259100202,0.12006728934166958,1
0.2553914615078839,0.22073033022853683,0.5238782082635793,2
0.15366769077152478,0.3493603227995894,0.49697198642888585,2
0.06828145170697189,0.19422495591195632,0.7374935923810718,2
0.1369672455041086,0.2811741896222237,0.5818585648736677,2
0.06854032965743226,0.1323174058722796,0.7991422644702881,2
0.07891075303805485,0.2234481772401877,0.6976410697217574,2
0.11333604275988833,0.23051659058591975,0.6561473666541919,1
0.05525144872035557,0.1772125264603267,0.7675360248193177,2
0.08219463227314859,0.22489925972255576,0.6929061080042955,2
0.05625303343614198,0.20770197906164398,0.736044987502214,2
0.07089404670294032,0.1401590545487868,0.7889468987482728,2
0.05015332892127636,0.16920332764962176,0.7806433434291019,2
0.06863416924776902,0.1368657795939689,0.794500051158262,1
0.05419984076978377,0.17649254186073263,0.7693076173694835,2
0.14344235133601696,0.12547461199643029,0.7310830366675527,2
0.11445666465027822,0.27144771391202316,0.6140956214376987,2
0.09105467812184934,0.14575121388123866,0.763194107996912,2
0.13873654397911128,0.2072263826710572,0.6540370733498315,2
0.1199717672703323,0.15450769133850517,0.7255205413911624,2
0.12228088057082491,0.15540934510345944,0.7223097743257155,2
0.7448798525664269,0.20755420410250403,0.047565943331069074,0
0.858228472614365,0.11096552223038125,0.030806005155253707,0
0.8484357380258656,0.11536188421113652,0.036202377762997937,0
0.9021538455163081,0.07729983977787967,0.020546314705812224,1
0.8451957755041544,0.13038197610802338,0.024422248387822292,0
0.8735974678672901,0.10031791741542995,0.026084614717279908,0
0.8770452704973929,0.08802256798803214,0.03493216151457504,0
0.9003882213738723,0.07869769150746264,0.02091408711866496,0
0.8949050772080184,0.07929716824701923,0.025797754544962408,0
0.874343286159994,0.08841281077394281,0.03724390306606319,0
0.915768115935942,0.06916904365164629,0.015062840412411727,0
0.9143679032800703,0.05794383581989695,0.02768826090003272,0
0.894724968717107,0.08277726872914334,0.022497762553749676,0
0.8949050772080184,0.07929716824701923,0.025797754544962408,0
0.8645548068885881,0.1053473953774964,0.03009779773391557,0
0.9162931229496425,0.06863060022221155,0.015076276828146027,0
0.8764347426257112,0.09784011638284756,0.025725140991441194,0
0.8504789712713862,0.11728622328516908,0.03223480544344489,0
0.9044207103980295,0.07591112201180382,0.019668167590166694,0
0.8504789712713862,0.11728622328516908,0.03223480544344489,0
0.8170623043336623,0.15580962616585572,0.02712806950048187,0
0.8978010564334642,0.07595721633139332,0.026241727235142617,0
0.84565187853381,0.1255000028512495,0.02884811861494052,0
0.8730935331651266,0.0939499499845372,0.03295651685033614,0
0.8908839292576336,0.08616638667104778,0.022949684071318616,0
0.8870054330811388,0.0948843090405826,0.018110257878278687,1
0.9213385073416646,0.06512597312070015,0.01353551953763531,0
0.9274192704497207,0.05642338800771017,0.016157341542569183,0
0.9170657634847037,0.0655707733104937,0.017363463204802566,0
0.8984337538772491,0.07870683114285174,0.022859414979899188,0
0.9253201889496961,0.05996275603734867,0.014717055012955123,0
0.9264529773488535,0.05913616056896169,0.014410862082184825,0
0.8867213387644346,0.09195329556109282,0.021325365674472574,0
0.9132828738651002,0.06382235392957136,0.022894772205328352,0
0.9255877586796035,0.059639906640460344,0.014772334679936164,0
0.9334239784608647,0.05235287285781165,0.014223148681323782,0
0.9258821238808725,0.059398474363418594,0.014719401755708919,0
0.9267268713158614,0.058830361585709465,0.014442767098429093,0
0.9374073299104635,0.04794868132052606,0.014643988769010359,0
0.9247605319890786,0.06047810167851775,0.014761366332403682,0
0.9399649028465729,0.049731933273313676,0.0103031638801134,0
0.9044433377321938,0.05035709729241902,0.04519956497538729,0
0.9345327018165326,0.05120459515398036,0.014262703029486994,0
0.905409521549867,0.04787812443426434,0.04671235401586867,0
0.9258821238808725,0.059398474363418594,0.014719401755708919,0
0.9279300406999598,0.05597577729153171,0.016094182008508446,0
0.932790635011549,0.05256680661646517,0.014642558371985831,0
0.9257120711217701,0.057456773587893306,0.016831155290336575,0
0.932790635011549,0.05256680661646517,0.014642558371985831,0
0.9291294254117777,0.054834485355632165,0.016036089232590124,0
0.9303431931060313,0.054236093973850194,0.015420712920118401,0
0.9333576878998872,0.05655797656976945,0.010084335530343448,0
0.9104257898342052,0.07204801079812279,0.017526199367672062,0
0.9067135037549734,0.0749260316143355,0.018360464630691027,0
0.866078281206623,0.11149286197305605,0.02242885682032099,0
0.8943667065024244,0.08362555284856871,0.022007740649006843,1
0.9354200106200425,0.05028760338248313,0.014292385997474299,0
0.9237939078794619,0.0620259259772657,0.014180166143272381,0
0.9427555541087067,0.04374227060347581,0.01350217528781749,0
0.9237939078794619,0.0620259259772657,0.014180166143272381,0
0.9432185187827553,0.04334683653546306,0.013434644681781653,0
0.9245339353364204,0.06163618961568468,0.013829875047894829,0
0.937117479910518,0.04819658142081556,0.01468593866866643,0
0.937117479910518,0.04819658142081556,0.01468593866866643,0
0.9345170717046059,0.051590497401970935,0.013892430893423315,0
0.9360224423175931,0.04976643079723129,0.014211126885175507,0
0.9337160755616773,0.05225903103961581,0.014024893398706995,0
0.9353436344089716,0.050864374763221074,0.01379199082780747,0
0.9265829988876098,0.05644059468551334,0.016976406426876922,0
0.9402990977373633,0.04510212550717656,0.014598776755460148,1
0.9248278271096928,0.06122146626550222,0.013950706624804889,0
0.9254043230741409,0.06063026773319766,0.013965409192661458,0
0.9429198219656025,0.0424420557033915,0.01463812233100586,0
0.9360224423175931,0.04976643079723129,0.014211126885175507,0
0.920366695037431,0.06345066217565028,0.01618264278691886,0
0.9361644840156381,0.04964529893071185,0.014190217053649985,0
0.9277062764907155,0.05757699322510734,0.01471673028417727,0
0.9303967878926442,0.053565175202071595,0.016038036905284183,0
0.9353326399088779,0.05055917708489434,0.014108183006227775,0
0.945049567105195,0.04696699318880793,0.007983439705997013,0
0.9437394854757797,0.048255547725928924,0.008004966798291263,0
0.9345998785207702,0.05148143748843651,0.013918683990793383,0
0.9248278271096928,0.06122146626550222,0.013950706624804889,0
0.9243959461284896,0.06133853158915113,0.01426552228235927,0
0.9339813366977151,0.052235218038413765,0.013783445263871178,0
0.9411863163683347,0.04466253618391083,0.01415114744775437,0
0.9197763110212006,0.06185987520589134,0.018363813772908157,0
0.9200584250849002,0.06122967766441027,0.018711897250689436,0
0.9353326399088779,0.05055917708489434,0.014108183006227775,0
0.9331196450787764,0.05133516655167647,0.01554518836954694,0
0.9456700873361092,0.039998054538635835,0.014331858125254913,0
0.9353326399088779,0.05055917708489434,0.014108183006227775,0
0.9438471559950989,0.04795989349369693,0.008192950511204193,0
0.9438471559950989,0.04795989349369693,0.008192950511204193,0
0.9331196450787764,0.05133516655167647,0.01554518836954694,0
0.9353326399088779,0.05055917708489434,0.014108183006227775,0
0.9331196450787764,0.05133516655167647,0.01554518836954694,0
0.9450143773854041,0.046861901623518123,0.008123720991077842,0
0.9345170717046059,0.051590497401970935,0.013892430893423315,0
0.9248278271096928,0.06122146626550222,0.013950706624804889,0
0.9428802944131659,0.04276516755615305,0.01435453803068092,0
0.935540733791838,0.05044359016404017,0.014015676044121968,0
0.9241437772790588,0.061748508191703126,0.014107714529237935,0
0.9239682384617742,0.061801829409719185,0.014229932128506519,0
0.9352276821704852,0.04475554414456234,0.020016773684952395,0
0.9339496217201223,0.05179880438414065,0.014251573895737217,0
0.9339496217201223,0.05179880438414065,0.014251573895737217,2
0.9181063096687707,0.062150375755147605,0.019743314576081576,0
0.9241437772790588,0.061748508191703126,0.014107714529237935,0
0.9405078074307655,0.050448770284051,0.009043422285183516,0
0.9383022289607151,0.05286728551780158,0.008830485521483179,0
0.9353436344089716,0.050864374763221074,0.01379199082780747,0
0.9379960380516787,0.05300706261567435,0.008996899332646864,0
0.9358750281974475,0.04950916203647952,0.014615809766073035,0
0.9358750281974475,0.04950916203647952,0.014615809766073035,0
0.9248278271096928,0.06122146626550222,0.013950706624804889,0
0.934242274558136,0.05167857491611452,0.0140791505257496,1
0.9364384233637884,0.04906457584019508,0.014497000796016601,1
0.9328631704185671,0.05279911311000286,0.014337716471430069,0
0.9259300587057042,0.06072222297136526,0.01334771832293049,0
0.9259300587057042,0.06072222297136526,0.01334771832293049,0
0.9328631704185671,0.05279911311000286,0.014337716471430069,1
0.9282710950917119,0.05544629044254208,0.016282614465745974,0
0.9324399983894478,0.05353580656389046,0.01402419504666173,0
0.9259300587057042,0.06072222297136526,0.01334771832293049,0
0.934455833037913,0.05613058399839624,0.009413582963690766,0
0.9364384233637884,0.04906457584019508,0.014497000796016601,0
0.934242274558136,0.05167857491611452,0.0140791505257496,0
0.9343905962043687,0.05102108326168483,0.014588320533946524,0
0.9328631704185671,0.05279911311000286,0.014337716471430069,0
0.9340721686480735,0.05077922584105215,0.015148605510874213,0
0.9299792396703639,0.055772151218418414,0.014248609111217659,0
0.9316251504161287,0.054150768656363285,0.014224080927507992,0
0.921456167448703,0.0645884089698506,0.013955423581446393,0
0.9234194131551066,0.06189559362118485,0.014684993223708592,0
0.9298796479057391,0.054706472101520534,0.015413879992740319,0
0.7893298831896631,0.16098003131155433,0.04969008549878262,0
0.4750831054007226,0.22496274861585563,0.29995414598342174,0
0.8098281493832696,0.11927548095292649,0.0708963696638038,1
0.4736661367989543,0.22396737968529687,0.3023664835157488,2
0.6821880351792148,0.1720221758668679,0.14578978895391737,1
0.6898273114464586,0.17050148243053206,0.13967120612300923,2
0.4764253152306482,0.2125222280367715,0.3110524567325803,2
0.41460449706706026,0.16583855207976667,0.4195569508531731,0
0.5211586773749436,0.2398778782147818,0.23896344441027462,2
0.4255677736187037,0.24470858720288563,0.32972363917841063,0
0.3696773346410601,0.23851774786426697,0.39180491749467283,0
0.4018472392773482,0.27778233337760905,0.32037042734504284,0
0.3154128895156153,0.31509400857793657,0.3694931019064481,1
0.253657204483354,0.43763568188707164,0.30870711362957437,0
0.4197068374312499,0.16686952096145002,0.41342364160730016,2
0.45899603938836536,0.225741355892011,0.31526260471962364,2
0.7561105065711811,0.11830397061544853,0.1255855228133704,0
0.6741453119432522,0.15148122616077683,0.17437346189597097,0
0.7066593399320598,0.16049893829182618,0.132841721776114,0
0.7156310510945361,0.1385987602822781,0.14577018862318586,0
0.7530426297272229,0.12439884687872317,0.1225585233940539,1
0.7003385245882412,0.15937782185913077,0.140283653552628,0
0.640010412150745,0.19668468293839064,0.16330490491086444,0
0.5716903697799306,0.22775313385181095,0.2005564963682585,0
0.771572778824199,0.10103019580989514,0.1273970253659059,0
0.7369525585951312,0.13064317098696804,0.1324042704179007,0
0.7572109325635626,0.13981867631619233,0.10297039112024503,0
0.7105318400870047,0.13786616486525718,0.1516019950477382,0
0.877522459246328,0.08573295735545865,0.03674458339821349,0
0.8665501576726546,0.09948442197582914,0.033965420351516104,0
0.8085323936986681,0.12971787992553538,0.06174972637579654,0
0.8779480812100605,0.08537978272205478,0.03667213606788469,0
0.855300404202919,0.10547573181052652,0.039223863986554426,1
0.82719141508826,0.1139474824579143,0.05886110245382565,1
0.841574699408601,0.12431686301955311,0.03410843757184595,0
0.8448469489591242,0.12210634853524818,0.033046702505627745,0
0.8386768738443091,0.11476579100632027,0.046557335149370674,0
0.8752344660469765,0.10218576849499773,0.022579765458025685,0
0.7750353957908932,0.12408115583874785,0.10088344837035891,0
0.8055389913484527,0.11999345846460334,0.07446755018694387,0
0.8845658867911078,0.08497306865719094,0.030461044551701122,0
0.8531114435761415,0.10524651108653163,0.041642045337326794,0
0.8913910572241492,0.078125950423216,0.03048299235263474,0
0.8703373508722925,0.08913650518764507,0.04052614394006239,0
0.80959587152178,0.10124300912421633,0.08916111935400359,0
0.832779384961764,0.1149978569228871,0.05222275811534901,0
0.7516168853440137,0.17015202668459833,0.07823108797138797,2
0.7524066827068939,0.16407512085960282,0.08351819643350317,0
0.8072542997708887,0.12742953188117048,0.06531616834794085,0
0.8209723341855718,0.12042037296597491,0.0586072928484533,1
0.8077557490207168,0.14565018907533228,0.04659406190395085,2
0.8219217258781164,0.1372333080798817,0.04084496604200208,0
0.8527049148495656,0.10680324732365212,0.040491837826782236,0
0.873843008451747,0.09358100849662247,0.03257598305163055,0
0.8073804180313504,0.14898628810436335,0.04363329386428626,0
0.8073804180313504,0.14898628810436335,0.04363329386428626,0
0.8478011829766919,0.11228137507216054,0.03991744195114754,0
0.8478011829766919,0.11228137507216054,0.03991744195114754,0
0.7841770065262689,0.11606706009424227,0.09975593337948889,0
0.815865457783818,0.12772230120709852,0.05641224100908347,0
0.4418118738320252,0.28544680061429945,0.2727413255536754,0
0.08285266693884727,0.1460142030857336,0.771133129975419,1
0.6815611536637278,0.16246063862848467,0.15597820770778753,0
0.7996076267424232,0.12916953934504594,0.07122283391253079,0
0.832779384961764,0.1149978569228871,0.05222275811534901,0
0.8477464973238702,0.11068414521530986,0.04156935746082006,0
0.505919274964254,0.24016688444339473,0.25391384059235117,2
0.8586666400137478,0.10045361631949941,0.04087974366675278,0
0.7757333932563051,0.15204860624147087,0.07221800050222399,1
0.8135691495543359,0.13469892751711343,0.05173192292855066,0
0.9328631704185671,0.05279911311000286,0.014337716471430069,0
0.9143654040868398,0.06642516757241508,0.01920942834074523,0
0.1704440976000048,0.19843231047013252,0.6311235919298627,0
0.07000149689895291,0.2439424484168749,0.6860560546841723,2
0.8966784960293908,0.08958173058122815,0.01373977338938117,0
0.06104406379000695,0.169729852127883,0.7692260840821101,1
0.9359250160485617,0.054154793412326235,0.009920190539112105,1
0.8481858218667646,0.11205357160641605,0.039760606526819384,0
0.43407029023300947,0.2330280317338157,0.3329016780331748,1
0.8551810924998411,0.09963920613035177,0.04517970136980735,1
0.3348295289021652,0.26687949336239225,0.39829097773544253,1
0.8164767065879828,0.12119998441782492,0.06232330899419224,0
0.8155945511719125,0.13695813989018452,0.04744730893790293,0
0.8562093664670918,0.1083364396827837,0.035454193850124535,0
0.07386423401159986,0.41785729675589584,0.5082784692325042,1
0.8806191466251005,0.09303133154506676,0.02634952182983279,0
0.7495616233165476,0.15512659207125393,0.09531178461219843,0
0.060548416934468295,0.23388720770061436,0.7055643753649172,1
0.8565503469950021,0.11133282011993306,0.03211683288506487,0
0.18107704619131604,0.2727108312951681,0.5462121225135159,2
0.9044059714925047,0.0757215710345714,0.01987245747292398,0
0.20399867872378466,0.4015707739555682,0.3944305473206471,2
0.9374102371603577,0.0525747759156214,0.010014986924020978,0
0.9395586103981859,0.0462184933872393,0.014222896214574853,0
0.16983036237846513,0.23920672037825397,0.5909629172432809,2
0.9120375019063596,0.0683906850726694,0.019571813020970972,0
0.9296609898512722,0.05527993259678318,0.015059077551944671,0
0.6218063856021497,0.18905451254320185,0.1891391018546484,0
0.14622470715278252,0.21461942213027996,0.6391558707169375,0
0.7334423649586137,0.1803419920955397,0.08621564294584654,0
0.05653137792340664,0.12971524114817792,0.8137533809284154,2
0.20360971475947326,0.2643694015022814,0.5320208837382453,2
0.190935168250187,0.18553969492189068,0.6235251368279223,2
0.915437609658283,0.06768809371899373,0.0168742966227233,1
0.1620060622910238,0.47436319188048404,0.36363074582849214,1
0.9440756646755892,0.04297821316364961,0.012946122160761173,1
0.6297149313410524,0.19326855915456426,0.17701650950438338,0
0.8905612355498499,0.09112711914796237,0.018311645302187818,0
0.7812839739425987,0.11431909229563617,0.10439693376176523,0
0.7235138325547912,0.18194019224884214,0.0945459751963668,1
0.22627164585399462,0.26990341585611954,0.5038249382898858,2
0.11125568110398341,0.20552273901702242,0.6832215798789942,2
0.5213838975961226,0.25376265805521325,0.22485344434866414,0
0.8813101793556548,0.09641721824411031,0.022272602400234823,1
0.8204112870865565,0.11131271651568464,0.06827599639775885,0
0.409853771135158,0.140948990737549,0.449197238127293,0
0.11633979538156994,0.19716395574615095,0.6864962488722791,0
0.5061057227200416,0.29040654769721863,0.20348772958273964,0
0.8349158850765297,0.11989998338490038,0.04518413153856995,0
0.8182468801529519,0.12990328742333299,0.051849832423715186,0
0.6460224306947971,0.1486151306575784,0.2053624386476246,2
0.4485915474899918,0.16679736997564476,0.3846110825343634,1
0.9354523220630895,0.044538098361654614,0.020009579575255836,0
0.09766596093695887,0.19240857202721662,0.7099254670358246,2
0.8725191121508844,0.090810111756668,0.036670776092447635,1
0.6435119254792733,0.20118100200682273,0.15530707251390397,0
0.9360224423175931,0.04976643079723129,0.014211126885175507,0
0.8148271661482798,0.10602324617350573,0.07914958767821453,0
0.31549117459855824,0.12756291365275324,0.5569459117486887,0
0.7937564270106027,0.12146723332283017,0.08477633966656709,0
0.5734399344955989,0.3317376316620094,0.09482243384239163,1
0.9009457469989663,0.07418539706665073,0.024868855934382893,0
0.8780748321505103,0.08706453470440415,0.034860633145085564,0
0.24764231613581122,0.25078430394147627,0.5015733799227126,1
0.6279110965389088,0.18970868288392415,0.18238022057716705,2
0.05752922758059475,0.11147483542765058,0.8309959369917547,1
0.09613140519756883,0.17282115615013333,0.7310474386522978,2
0.31711602552078844,0.3169753686744145,0.36590860580479706,1
0.1384758678619584,0.2033224320168036,0.6582017001212379,0
0.22092591896687191,0.17723621176818394,0.6018378692649441,2
0.8600394344975325,0.1015787981467116,0.038381767355755936,0
0.814251110641564,0.12776310568898983,0.057985783669446234,0
0.07802196571123383,0.19098706979536817,0.730990964493398,2
0.12117009148037212,0.38345126518849615,0.4953786433311317,2
0.6744026880346301,0.21195406391895938,0.11364324804641049,1
0.31880845156750004,0.3167100689194133,0.3644814795130868,0
0.9163478337661748,0.05916559154835231,0.024486574685472922,0
0.9011464331349051,0.05117857979560091,0.04767498706949401,0
0.05626916000608117,0.2047271238707867,0.7390037161231322,2
0.10803482024137212,0.2600400772952268,0.6319251024634011,2
0.8977917845281921,0.08114151286358648,0.02106670260822146,0
0.06951015271444848,0.20086401027846726,0.7296258370070842,2
0.11118479084315142,0.12381047121752536,0.7650047379393232,1
0.8108736904091403,0.13624704185556163,0.05287926773529818,0
0.1016508372970581,0.15971847707792228,0.7386306856250195,2
0.9136305477688412,0.060065352941561304,0.026304099289597455,0
0.6782232033963407,0.18032276657417332,0.14145403002948603,0
0.6408010927581986,0.21062802426868418,0.14857088297311724,0
0.9018645819768272,0.07741204965248291,0.020723368370690012,0
0.06128355064394314,0.10599584392193968,0.8327206054341172,2
0.0837482748798531,0.19875017843569748,0.7175015466844493,2
0.18465202577488407,0.26814954769617133,0.5471984265289446,0
0.36030930833382346,0.3126530969718223,0.32703759469435423,0
0.15985544931406848,0.3001481391332492,0.5399964115526823,2
