target,prediction_-1,prediction_0,prediction_1
2,0.20379890981694868,0.2856454813921724,0.5105556087908789
0,0.12679905262634128,0.2713342404910804,0.6018667068825784
1,0.157495990953634,0.24830390022464438,0.5942001088217217
1,0.15046321768124588,0.37141493144906496,0.4781218508696893
2,0.1548479540535697,0.38519204838245624,0.45995999756397415
2,0.14808930908869103,0.3179240697310149,0.533986621180294
1,0.16832744946208195,0.34482688587562776,0.48684566466229034
1,0.18656992637584605,0.43326566468022165,0.3801644089439324
2,0.18656992637584605,0.43326566468022165,0.3801644089439324
2,0.16832744946208195,0.34482688587562776,0.48684566466229034
2,0.13892932488496534,0.321749116885196,0.5393215582298387
2,0.17646242926683225,0.21775220541157903,0.6057853653215887
0,0.8464400327806098,0.10966540529047866,0.043894561928911634
0,0.8315695407387143,0.11867678283378534,0.0497536764275002
0,0.8161598620115338,0.12377931135633387,0.060060826632132476
0,0.919096639983166,0.059897682936474975,0.021005677080358876
2,0.12981079956998118,0.25326584455499407,0.6169233558750248
1,0.10042666083913443,0.1954603807419318,0.7041129584189337
0,0.10462160926444798,0.19230876102232194,0.7030696297132301
1,0.11863139149454688,0.20959587256850493,0.6717727359369483
2,0.15806061525933243,0.12092564358477477,0.7210137411558928
2,0.23540978207549423,0.2580050967481614,0.5065851211763444
2,0.10032578627561384,0.16304877553424274,0.7366254381901434
2,0.1445412952139637,0.1384011301891027,0.7170575745969336
1,0.09613734111654504,0.18269626450446783,0.7211663943789871
2,0.33347278128851693,0.20332880983300036,0.4631984088784827
2,0.10032578627561384,0.16304877553424274,0.7366254381901434
2,0.27206267353568614,0.17829595805825188,0.5496413684060619
2,0.09988533377960183,0.17123223353999734,0.7288824326804008
0,0.13325461855641024,0.200371912505742,0.6663734689378479
2,0.300422301119619,0.22785932853484703,0.47171837034553404
2,0.13945997323535808,0.20932684930628417,0.6512131774583578
2,0.19222843750393376,0.34456383469361984,0.46320772780244646
1,0.12345079654984673,0.19213466258226883,0.6844145408678844
1,0.13350696347998986,0.2204462483829489,0.6460467881370612
1,0.137778028314024,0.23247082339580452,0.6297511482901714
0,0.13350696347998986,0.2204462483829489,0.6460467881370612
0,0.137778028314024,0.23247082339580452,0.6297511482901714
2,0.31651935928975006,0.2416770276941412,0.44180361301610876
2,0.26953144842487037,0.1592970104457392,0.5711715411293904
2,0.27921891418390077,0.13762261075931717,0.5831584750567821
2,0.2798075234799096,0.179970679680884,0.5402217968392065
2,0.11714954404453055,0.19759145546161058,0.6852590004938589
2,0.12301171043429693,0.22728380799756764,0.6497044815681354
1,0.13350696347998986,0.2204462483829489,0.6460467881370612
2,0.134145798360101,0.21616236523690108,0.649691836402998
0,0.8596436919517803,0.09887181283824012,0.04148449520997961
0,0.8687041678960624,0.10504938425301018,0.02624644785092757
0,0.8810975974316159,0.08978075370315758,0.02912164886522674
0,0.8596436919517803,0.09887181283824012,0.04148449520997961
0,0.8311443965483624,0.1199778290077914,0.048877774443846285
0,0.8279315183296129,0.1141479043509184,0.05792057731946861
0,0.8384333260109378,0.11183062143696958,0.04973605255209249
0,0.8644814634749206,0.09590349457972157,0.039615041945357886
0,0.909225763832376,0.06854660266129067,0.022227633506333423
0,0.8239871757660164,0.11560461937410166,0.06040820485988193
0,0.8955021861215098,0.08478602862153563,0.019711785256954616
0,0.8844391547024523,0.08950422635454765,0.026056618943000164
2,0.2761338956364619,0.21176645620507775,0.5120996481584603
2,0.2102185979365766,0.1323375988209961,0.6574438032424273
2,0.09404317911999166,0.20878240658011135,0.6971744142998969
1,0.18626786366475417,0.19708252728994094,0.6166496090453049
2,0.1776264875460899,0.20185315334940623,0.6205203591045039
2,0.18626786366475417,0.19708252728994094,0.6166496090453049
2,0.03846588507524956,0.10539222432809567,0.8561418905966548
2,0.084875230622888,0.16705188025727205,0.7480728891198399
0,0.8384333260109378,0.11183062143696958,0.04973605255209249
0,0.8323777961586643,0.10750562472629824,0.0601165791150376
0,0.8384333260109378,0.11183062143696958,0.04973605255209249
0,0.8977036769688798,0.08065859832004064,0.021637724711079748
0,0.8288039293438562,0.11635579548629456,0.05484027516984937
0,0.8715167529166612,0.09151337790533094,0.03696986917800778
0,0.893520745718998,0.082933626544757,0.02354562773624493
0,0.7425496270089882,0.1711523111408393,0.08629806185017243
1,0.8998640284651509,0.07974698197428455,0.02038898956056452
0,0.8827745454507292,0.09376726605661224,0.023458188492658516
0,0.8409257380161242,0.1145541885841394,0.04452007339973631
0,0.8633452746052989,0.09781306643698234,0.03884165895771888
1,0.8682974419352916,0.1048173338988102,0.026885224165898162
0,0.7989306943526777,0.15794508632374243,0.04312421932357993
0,0.8409257380161242,0.1145541885841394,0.04452007339973631
0,0.7894721941314492,0.1686237819779454,0.041904023890605414
0,0.8415701858906036,0.11538526420661047,0.04304454990278591
0,0.7290265021231206,0.1815443634511044,0.08942913442577498
0,0.7954553276943198,0.1584979766655457,0.0460466956401345
2,0.7666442972005887,0.18523409502595023,0.04812160777346101
1,0.7290265021231206,0.1815443634511044,0.08942913442577498
0,0.8962823014558813,0.07996968878132497,0.023748009762793773
0,0.893092521453454,0.08343201651904876,0.023475462027497472
0,0.8603127910854612,0.09935933946964987,0.040327869444888836
0,0.8322184808811987,0.121608602279572,0.04617291683922932
0,0.8341427904938042,0.12240646659858587,0.043450742907609946
1,0.8887231132263694,0.09238993889041161,0.01888694788321894
0,0.9060442791283478,0.0749601091662685,0.01899561170538354
0,0.8439832977352824,0.10751897583540218,0.04849772642931545
0,0.8617834853265397,0.09595998304227056,0.042256531631189906
0,0.8432013671338251,0.12654987482082294,0.030248758045351976
1,0.7168678263172392,0.16593150903478907,0.11720066464797164
0,0.7168678263172392,0.16593150903478907,0.11720066464797164
0,0.8668666887229575,0.09480340373822377,0.03832990753881875
0,0.8007954938297775,0.13914683659222665,0.06005766957799577
0,0.8077052400621492,0.13820675679673564,0.054088003141115094
0,0.8401427197680451,0.1284570479108882,0.031400232321066715
0,0.8661008677243092,0.09785903442706365,0.03604009784862708
0,0.8242767611136267,0.14279015556649896,0.03293308331987432
0,0.7226052420046216,0.16561573934601317,0.11177901864936528
0,0.8544763574402652,0.10079932071196222,0.04472432184777271
0,0.8624190472827268,0.09768570536436497,0.039895247352908426
0,0.8742764682660716,0.09008534784911379,0.03563818388481459
0,0.8962823014558813,0.07996968878132497,0.023748009762793773
0,0.8944813465182248,0.08184775949806374,0.02367089398371151
2,0.09449992920974866,0.09632192992154741,0.809178140868704
2,0.06488658910561655,0.07416519444754614,0.8609482164468373
2,0.13706845730631442,0.17270025536356468,0.690231287330121
2,0.04451863606480251,0.14622686816148484,0.8092544957737126
2,0.0900135337979215,0.16812995038363093,0.7418565158184476
2,0.07582199904223359,0.15515794190226662,0.7690200590554997
2,0.040272524560247484,0.1716173494540726,0.7881101259856799
2,0.05534619993495724,0.1603946576888364,0.7842591423762064
2,0.05442733952129126,0.1951598733974942,0.7504127870812145
2,0.05121796957312674,0.1543902189734044,0.7943918114534688
2,0.040272524560247484,0.1716173494540726,0.7881101259856799
2,0.05121796957312674,0.1543902189734044,0.7943918114534688
2,0.06703087173968246,0.15985285573096283,0.7731162725293547
2,0.049006788946526894,0.13944081799666566,0.8115523930568074
2,0.10314358237077179,0.1649992172956172,0.731857200333611
2,0.12139737180208797,0.16156943986506148,0.7170331883328506
2,0.10107617294576594,0.18118259684128443,0.7177412302129497
2,0.07907905247093903,0.1306364105242877,0.7902845370047733
2,0.09611070325933872,0.15644446421878813,0.747444832521873
2,0.0462870747412887,0.13022618210288914,0.823486743155822
2,0.10001321985585164,0.15870208330844968,0.7412846968356986
2,0.06235719175369903,0.14911865362273363,0.7885241546235673
2,0.11622233829935132,0.16770654615554142,0.7160711155451072
2,0.10001321985585164,0.15870208330844968,0.7412846968356986
2,0.051996845507214805,0.15528292860476364,0.7927202258880216
2,0.08850154300942822,0.16398630197711536,0.7475121550134564
2,0.13195649727646028,0.16907399918462504,0.6989695035389146
1,0.13195649727646028,0.16907399918462504,0.6989695035389146
2,0.07788328078955713,0.19537588620948873,0.7267408330009542
2,0.09362834883575981,0.15766638945431735,0.7487052617099228
0,0.12139737180208797,0.16156943986506148,0.7170331883328506
2,0.07884782234648116,0.15437785711104393,0.766774320542475
0,0.0470414017773516,0.18626805947856184,0.7666905387440865
2,0.13195649727646028,0.16907399918462504,0.6989695035389146
2,0.10261911964953416,0.1574580228323216,0.7399228575181441
2,0.05976713988255837,0.16493889176632037,0.7752939683511213
1,0.08659392607096397,0.18541925551126054,0.7279868184177753
0,0.05353067517321772,0.1627590268078862,0.783710298018896
2,0.10153460515734186,0.19253035090256607,0.7059350439400921
1,0.05869703014429818,0.20018283803534398,0.7411201318203577
2,0.07838331725752826,0.09892588526586525,0.8226907974766066
2,0.05695471380284119,0.07778292733873933,0.8652623588584196
2,0.046084534411217334,0.11969689185553588,0.8342185737332467
2,0.04066553615726041,0.1752415859739833,0.7840928778687563
2,0.028833070180409492,0.15144040012362506,0.8197265296959655
2,0.03753628480321979,0.09039724272297799,0.8720664724738022
1,0.05452257005388787,0.19140451245436282,0.7540729174917493
1,0.10470710708666349,0.18582226622282044,0.7094706266905161
2,0.0633614824445238,0.2653669725991201,0.6712715449563562
2,0.05452257005388787,0.19140451245436282,0.7540729174917493
2,0.05452257005388787,0.19140451245436282,0.7540729174917493
2,0.07397072129827093,0.16007669027307486,0.7659525884286542
2,0.03741567746483558,0.18065254672476475,0.7819317758103996
2,0.052724855142487974,0.12781785364629242,0.8194572912112196
2,0.08140546498499981,0.2002923050732154,0.7183022299417847
1,0.03825816655566116,0.1640483421960295,0.7976934912483093
2,0.02429860534686984,0.0862897449369521,0.8894116497161781
2,0.05570429983812826,0.20165631543033125,0.7426393847315405
2,0.08140546498499981,0.2002923050732154,0.7183022299417847
2,0.06858614430827936,0.1413629109226275,0.7900509447690931
1,0.08127333019133384,0.3424551594477639,0.5762715103609022
2,0.054590394696117636,0.27498504150513603,0.6704245637987463
1,0.050507921081765245,0.2663939491110369,0.6830981298071978
1,0.06143693305513524,0.3544054296536078,0.5841576372912569
2,0.08127333019133384,0.3424551594477639,0.5762715103609022
2,0.08127333019133384,0.3424551594477639,0.5762715103609022
0,0.8884197174750713,0.08224138880437816,0.029338893720550353
0,0.8113339027023203,0.11581468194089116,0.07285141535678852
2,0.24439055617442862,0.29933225226719934,0.4562771915583721
2,0.3282783700219456,0.19519883926722645,0.47652279071082787
1,0.1766766991388998,0.14525797329053328,0.6780653275705668
2,0.2478567106280058,0.2107939324329699,0.5413493569390243
1,0.13624196614089576,0.2714332054291,0.5923248284300042
0,0.16303095488846628,0.20132427996880017,0.6356447651427336
2,0.1944535697182126,0.16833223619497362,0.6372141940868138
0,0.18735063193457185,0.2555886918109787,0.5570606762544494
1,0.7404775350687267,0.15479158214259237,0.10473088278868098
0,0.6857263370014998,0.21659686937875242,0.09767679361974785
0,0.581171524430123,0.3058657049210284,0.11296277064884853
1,0.7224179459302763,0.14859387674837707,0.12898817732134663
0,0.7329646115244306,0.1486774010276022,0.11835798744796729
0,0.597911292116478,0.22062364248082714,0.18146506540269491
0,0.7437288535958738,0.1432607899255488,0.11301035647857738
0,0.7291758040121636,0.1547703308746446,0.11605386511319186
2,0.10504741022464885,0.13828135333670738,0.7566712364386439
2,0.11807912065313787,0.15989742198641602,0.722023457360446
2,0.3531934254010058,0.2209763409887227,0.42583023361027156
2,0.31978612204510576,0.15963535372044682,0.5205785242344474
2,0.1316026245990946,0.1282821719543279,0.7401152034465776
2,0.1164890558953295,0.1153744047583787,0.7681365393462919
0,0.32941332329199635,0.15730476706435711,0.5132819096436465
2,0.5866719946027342,0.11628873380280774,0.29703927159445803
0,0.6745333551049407,0.1052769129184898,0.22018973197656952
0,0.32941332329199635,0.15730476706435711,0.5132819096436465
2,0.6745333551049407,0.1052769129184898,0.22018973197656952
0,0.6642358090669224,0.10280391104141622,0.23296027989166132
2,0.10415413520469037,0.16435572932395548,0.7314901354713542
2,0.14076547309390933,0.16695757637630781,0.6922769505297829
0,0.13664641633845762,0.29316423792489993,0.5701893457366425
2,0.1944535697182126,0.16833223619497362,0.6372141940868138
1,0.5743946773021741,0.16962944178836833,0.25597588090945766
2,0.5136360094741469,0.2633316039408534,0.22303238658499977
1,0.1487853996273971,0.13728130985024545,0.7139332905223575
2,0.15917509136720384,0.15402787864847087,0.6867970299843253
2,0.1175355835643734,0.22852193683587113,0.6539424795997555
1,0.16396701960687443,0.19329756133901557,0.64273541905411
2,0.10956144651025049,0.20597422928036774,0.6844643242093817
2,0.15231759164601852,0.23588985697328957,0.611792551380692
0,0.15971226959689702,0.14584492571001068,0.6944428046930923
1,0.1972654838397479,0.2347867694393811,0.567947746720871
2,0.17986137201721408,0.25010934074196656,0.5700292872408194
2,0.2958154041325297,0.2158954141971533,0.4882891816703171
0,0.27616750059189454,0.29371401312106693,0.4301184862870384
1,0.513545378802732,0.2657902852455659,0.2206643359517021
2,0.5426130553567747,0.2600122959728555,0.1973746486703698
0,0.4405276426955497,0.33892969267983936,0.22054266462461083
1,0.22997373564350132,0.20609390070378117,0.5639323636527176
2,0.344686581203621,0.3072392697353769,0.34807414906100215
2,0.3806736770144163,0.2135699042766294,0.40575641870895435
0,0.3671937788977188,0.35318692951727915,0.279619291585002
2,0.20354157253660074,0.2840652721277388,0.5123931553356604
0,0.10009990542322426,0.22126620792718682,0.678633886649589
1,0.4699462217865806,0.21042242753158014,0.3196313506818394
1,0.4348795027343376,0.2052554620993909,0.3598650351662714
1,0.08265974146756339,0.2434145906743359,0.6739256678581007
1,0.10271839331283532,0.2169515894715804,0.6803300172155843
1,0.11428044008940688,0.4443398064855469,0.44137975342504626
2,0.10515032218516143,0.46957711505327704,0.42527256276156156
1,0.12241258097136098,0.23294815442004338,0.6446392646085957
2,0.08972689602203107,0.44715322407397756,0.4631198799039915
2,0.031880436312489546,0.48255749193728387,0.4855620717502267
1,0.09942754166839392,0.21547833903995056,0.6850941192916555
0,0.8677577905550115,0.09307841330213891,0.03916379614284969
0,0.8544897450554912,0.10410053959152066,0.04140971535298806
0,0.914931416880223,0.06765977641609583,0.017408806703681307
0,0.8825881485116708,0.08322449049097742,0.034187360997351715
0,0.9050563749830107,0.07899957111933434,0.015944053897654936
0,0.8659964475221679,0.09218268241689029,0.04182087006094181
0,0.8595985901647366,0.10434383012163573,0.036057579713627774
1,0.879006244592408,0.08510829193368899,0.03588546347390307
0,0.879006244592408,0.08510829193368899,0.03588546347390307
0,0.879006244592408,0.08510829193368899,0.03588546347390307
0,0.8825881485116708,0.08322449049097742,0.034187360997351715
0,0.8855845529028449,0.09176349911687036,0.02265194798028473
0,0.9036626595734096,0.08324319409475722,0.013094146331833124
1,0.8638060255664145,0.10581382448023677,0.03038014995334881
0,0.778049171086551,0.15243534434645653,0.06951548456699243
0,0.8132410915560332,0.11965948426017262,0.06709942418379433
0,0.8250353753931013,0.13630494379889369,0.03865968080800493
0,0.7811212532324857,0.1368289187784191,0.0820498279890952
0,0.9006227457271245,0.08618357930495557,0.013193674967919839
0,0.8768144025517159,0.08657069056055637,0.03661490688772761
1,0.8347003978579144,0.10951329328557154,0.055786308856514234
0,0.824967913777723,0.135618018902552,0.039414067319725035
0,0.9167449593085677,0.06184237063296965,0.021412670058462764
0,0.805384931056862,0.13261562563432738,0.061999443308810444
0,0.8310420103324533,0.1535925209355321,0.015365468732014748
1,0.8160902027419419,0.12733652907753448,0.05657326818052376
0,0.7717327117315421,0.16581705505138206,0.06245023321707585
1,0.8411797290884285,0.10506035188616358,0.05375991902540783
0,0.6451601642230145,0.17426023793079892,0.18057959784618674
0,0.6206931516231794,0.2088102298274832,0.1704966185493374
1,0.5499311818002173,0.28536158625060737,0.16470723194917541
0,0.45166481851069396,0.21936755193114182,0.32896762955816433
1,0.4528600322708204,0.23409808587809516,0.31304188185108445
2,0.2834077634666391,0.41728702688048147,0.2993052096528795
0,0.7421507685186882,0.21434448742011297,0.04350474406119889
0,0.6874429122067216,0.19419754974411213,0.11835953804916634
1,0.7120035575661223,0.24156562637812032,0.046430816055757364
0,0.7429545465948326,0.20973392113636383,0.047311532268803504
0,0.7120035575661223,0.24156562637812032,0.046430816055757364
0,0.6909075629542547,0.2649798025458017,0.04411263449994359
1,0.6121437758982129,0.33622069524978493,0.05163552885200215
0,0.6258565323538512,0.327864560778944,0.04627890686720482
0,0.5614719977842408,0.2530766432734796,0.1854513589422796
1,0.6050768146313283,0.24139598036469465,0.15352720500397704
0,0.6050768146313283,0.24139598036469465,0.15352720500397704
1,0.6974863928372282,0.2031410518310645,0.09937255533170732
0,0.9021166404841037,0.07051731734069802,0.02736604217519827
0,0.853000227252093,0.1103757041183332,0.0366240686295737
0,0.9032216913945437,0.06848198531822533,0.02829632328723101
0,0.9477206120097857,0.03704200076437856,0.015237387225835775
0,0.958141938814268,0.03001027919834757,0.011847781987384466
0,0.9574832383953475,0.030574654768083142,0.011942106836569502
0,0.8400163977062893,0.09945678479998142,0.060526817493729235
0,0.8400163977062893,0.09945678479998142,0.060526817493729235
0,0.9060266980646681,0.05663562620546322,0.0373376757298687
0,0.9387445388553591,0.04405664323449558,0.017198817910145308
0,0.9088058968893455,0.05487016414293085,0.03632393896772366
0,0.9088058968893455,0.05487016414293085,0.03632393896772366
0,0.9387445388553591,0.04405664323449558,0.017198817910145308
0,0.8400163977062893,0.09945678479998142,0.060526817493729235
0,0.9632629027891241,0.023487937765542755,0.013249159445333208
0,0.9632629027891241,0.023487937765542755,0.013249159445333208
0,0.8400163977062893,0.09945678479998142,0.060526817493729235
0,0.9342810889158049,0.04701314001246615,0.018705771071729105
0,0.9189949237663488,0.06062637093968149,0.020378705293969738
0,0.9087131855721684,0.0664018541595638,0.024884960268267694
1,0.6441670406388184,0.2879220657854882,0.06791089357569349
0,0.7025677653520651,0.24145670844779324,0.055975526200141575
1,0.6285846810192262,0.17664751178450647,0.19476780719626732
0,0.6460305682441564,0.25431051203493926,0.09965891972090443
1,0.0745116697608107,0.16996223699881058,0.7555260932403787
2,0.5542072926183422,0.22207539993695008,0.2237173074447077
1,0.34374140225786765,0.317340561664906,0.33891803607722637
2,0.37186506937801606,0.2766007961076648,0.35153413451431925
2,0.29214224741019656,0.31677247654194457,0.39108527604785887
2,0.4893466764292227,0.2749855638937881,0.2356677596769892
1,0.28220331346876526,0.39386438323256345,0.32393230329867134
2,0.4893466764292227,0.2749855638937881,0.2356677596769892
0,0.37217089159976263,0.3117903937564905,0.31603871464374694
1,0.3274772624125932,0.29510310105943266,0.3774196365279742
0,0.30282464932345315,0.31961858368687895,0.3775567669896679
1,0.28220331346876526,0.39386438323256345,0.32393230329867134
0,0.32392274919831127,0.3865796976099373,0.28949755319175147
0,0.26569813225529265,0.3359670874653617,0.3983347802793457
0,0.4305891067125531,0.2784939847687263,0.2909169085187207
1,0.4005497610506029,0.28855661166449753,0.3108936272848995
2,0.293869979812201,0.39713566718490956,0.30899435300288947
2,0.2611650714024328,0.33478569771074423,0.40404923088682293
1,0.2361232186461507,0.33254421338067397,0.4313325679731754
1,0.3433484186372103,0.32761552347297407,0.3290360578898156
0,0.32254846120721453,0.2810365106139319,0.3964150281788536
2,0.37823399455869533,0.31887779101141317,0.30288821442989144
0,0.42285383016889616,0.3723713109273193,0.2047748589037846
1,0.7482752739616966,0.128073367832737,0.12365135820556647
2,0.21181012696319615,0.26051855643352617,0.5276713166032777
2,0.2878511317008105,0.2884479191316012,0.42370094916758827
2,0.02455347154435234,0.18030571177969806,0.7951408166759496
2,0.25759908102202483,0.29468849665673347,0.44771242232124164
2,0.05445551887142427,0.1134016549021252,0.8321428262264505
2,0.16124853984420118,0.27862263137953897,0.5601288287762598
1,0.06494442565712635,0.2887307917618139,0.6463247825810597
2,0.028111780044640548,0.20799314543383515,0.7638950745215244
2,0.1690469867257169,0.2897226992316767,0.5412303140426064
2,0.032360416954382236,0.1768852927622848,0.790754290283333
2,0.05445551887142427,0.1134016549021252,0.8321428262264505
2,0.020688548577985705,0.18771299108825545,0.7915984603337589
1,0.05901784303704982,0.12000616490259555,0.8209759920603547
2,0.025649955669724153,0.18296400203926955,0.7913860422910064
2,0.05934517746201281,0.12205542314829514,0.818599399389692
2,0.24624610204308128,0.29108722692141825,0.46266667103550047
2,0.0915049559161859,0.130190409157385,0.7783046349264292
2,0.10061710898938438,0.16774831148923375,0.7316345795213819
2,0.1937709203355766,0.25632627358859406,0.5499028060758293
2,0.1937709203355766,0.25632627358859406,0.5499028060758293
0,0.7065712949166876,0.21953028587832202,0.0738984192049903
0,0.8743931881221814,0.0982922343963305,0.02731457748148819
0,0.864298583046399,0.10669717334068311,0.029004243612917906
1,0.924762299034553,0.06579715808392282,0.009440542881524292
0,0.8311942650532635,0.13088825004115867,0.03791748490557773
0,0.8311942650532635,0.13088825004115867,0.03791748490557773
0,0.902759537872775,0.06668695957129159,0.030553502555933636
0,0.8869326339683795,0.08392609812331564,0.02914126790830489
0,0.8760792668883334,0.09176859504968182,0.032152138061984865
0,0.8973449972228011,0.06629954460994751,0.03635545816725129
0,0.9403301854972808,0.04885286214121186,0.010816952361507311
0,0.942155331320022,0.041198875753740156,0.01664579292623787
0,0.8869326339683795,0.08392609812331564,0.02914126790830489
0,0.8760792668883334,0.09176859504968182,0.032152138061984865
0,0.8926271392506583,0.07891339239147205,0.028459468357869815
0,0.9394687118333184,0.05014187097293604,0.010389417193745488
0,0.9068923400025587,0.06480145825038416,0.02830620174705728
0,0.8412694494954687,0.1208411898879365,0.03788936061659483
0,0.9403859592924619,0.05168117661072442,0.007932864096813683
0,0.8412694494954687,0.1208411898879365,0.03788936061659483
0,0.8311942650532635,0.13088825004115867,0.03791748490557773
0,0.9156211769208259,0.05883085371109591,0.025547969368078252
0,0.8866472451456474,0.08440382128446496,0.028948933569887824
0,0.9156211769208259,0.05883085371109591,0.025547969368078252
0,0.8957304547207666,0.08196468588485974,0.022304859394373718
1,0.883703917018787,0.10018066800755766,0.01611541497365548
0,0.961638834236874,0.03328469404333177,0.005076471719794333
0,0.93138518666354,0.04732738522815596,0.021287428108304144
0,0.9317181905012072,0.05440504137754706,0.01387676812124571
0,0.9222730508123752,0.061732063329781865,0.015994885857842974
0,0.9298227082627054,0.056289396909072226,0.013887894828222521
0,0.9286452474576294,0.05725512601723919,0.014099626525131501
0,0.9463447701163183,0.04299202667526763,0.010663203208414004
0,0.908318685777551,0.06270054016642387,0.028980774056025022
0,0.9286452474576294,0.05725512601723919,0.014099626525131501
0,0.9384898623397215,0.043376994114434714,0.018133143545843736
0,0.9298227082627054,0.056289396909072226,0.013887894828222521
0,0.9286452474576294,0.05725512601723919,0.014099626525131501
0,0.945667510596345,0.038876191697146414,0.01545629770650841
0,0.9261480692338264,0.05881435616179944,0.015037574604374248
0,0.9578427831220223,0.03556322192435419,0.006593994953623299
0,0.9338688057715522,0.046954733022865146,0.019176461205582543
0,0.9382957977686073,0.04961052649696397,0.01209367573442867
0,0.9295788684945355,0.04829219716040183,0.022128934345062586
0,0.9298227082627054,0.056289396909072226,0.013887894828222521
0,0.9279854283674818,0.05633866335126498,0.01567590828125305
0,0.9526682063279245,0.03409748065073247,0.013234313021343053
0,0.9308729510135139,0.05276299557499057,0.01636405341149551
0,0.9526682063279245,0.03409748065073247,0.013234313021343053
0,0.9377587621411757,0.048261941509931565,0.013979296348892771
0,0.9426138329181903,0.045868375982803716,0.011517791099005881
0,0.9491187679207819,0.043800874744094526,0.007080357335123638
0,0.9415348824227354,0.04059695691786784,0.017868160659396726
0,0.939130391551029,0.04299506860627457,0.017874539842696317
0,0.9168354360698323,0.06639987618135268,0.01676468774881495
1,0.9164104776069302,0.05833637101354419,0.025253151379525534
0,0.9350613017458197,0.05154423410445454,0.013394464149725687
0,0.9162142520277115,0.06749096206018458,0.016294785912103926
0,0.9517929468646097,0.03455666128208094,0.013650391853309539
0,0.9162142520277115,0.06749096206018458,0.016294785912103926
0,0.9510255041571035,0.03486904360906537,0.014105452233831322
0,0.9149949699876432,0.0685199342831944,0.01648509572916239
0,0.9510255041571035,0.03486904360906537,0.014105452233831322
0,0.9510255041571035,0.03486904360906537,0.014105452233831322
0,0.9384898623397215,0.043376994114434714,0.018133143545843736
0,0.9350613017458197,0.05154423410445454,0.013394464149725687
0,0.9384898623397215,0.043376994114434714,0.018133143545843736
0,0.9384898623397215,0.043376994114434714,0.018133143545843736
0,0.9186263609128792,0.065079513848304,0.016294125238816785
1,0.9499969529543106,0.03557647697588069,0.014426570069808655
0,0.9162142520277115,0.06749096206018458,0.016294785912103926
0,0.9162142520277115,0.06749096206018458,0.016294785912103926
0,0.9498987658247763,0.03602943814989361,0.014071796025329932
0,0.9350613017458197,0.05154423410445454,0.013394464149725687
0,0.912752528150816,0.06747032398969037,0.01977714785949373
0,0.9350613017458197,0.05154423410445454,0.013394464149725687
0,0.9270192433528822,0.05494885604234278,0.018031900604774925
0,0.9287526366973851,0.04940962245132633,0.021837740851288655
0,0.9323020921109586,0.054715219255106716,0.012982688633934756
0,0.9660200379318747,0.030127026738685846,0.0038529353294394246
0,0.9627839892437244,0.03296652100979136,0.0042494897464841275
0,0.9384898623397215,0.043376994114434714,0.018133143545843736
0,0.9162142520277115,0.06749096206018458,0.016294785912103926
0,0.9162142520277115,0.06749096206018458,0.016294785912103926
0,0.9384898623397215,0.043376994114434714,0.018133143545843736
0,0.9498987658247763,0.03602943814989361,0.014071796025329932
0,0.9365113789210547,0.050200591502521624,0.013288029576423848
0,0.9352703857446871,0.052598288742146095,0.012131325513166815
0,0.9323020921109586,0.054715219255106716,0.012982688633934756
0,0.9344438637099646,0.04462521278312255,0.020930923506912797
0,0.9498987658247763,0.03602943814989361,0.014071796025329932
0,0.9323020921109586,0.054715219255106716,0.012982688633934756
0,0.9612103934914901,0.034098627958241846,0.004690978550268145
0,0.9612103934914901,0.034098627958241846,0.004690978550268145
0,0.9344438637099646,0.04462521278312255,0.020930923506912797
0,0.9323020921109586,0.054715219255106716,0.012982688633934756
0,0.9344438637099646,0.04462521278312255,0.020930923506912797
0,0.9658792790527106,0.029706660477526608,0.004414060469762743
0,0.9384898623397215,0.043376994114434714,0.018133143545843736
0,0.9162142520277115,0.06749096206018458,0.016294785912103926
0,0.9498987658247763,0.03602943814989361,0.014071796025329932
0,0.9384898623397215,0.043376994114434714,0.018133143545843736
0,0.9162142520277115,0.06749096206018458,0.016294785912103926
0,0.9162142520277115,0.06749096206018458,0.016294785912103926
0,0.9395582161865372,0.04208374199740382,0.018358041816058903
0,0.9384898623397215,0.043376994114434714,0.018133143545843736
2,0.9384898623397215,0.043376994114434714,0.018133143545843736
0,0.9297174089783119,0.0562125772283651,0.01407001379332303
0,0.9162142520277115,0.06749096206018458,0.016294785912103926
0,0.9512207473901323,0.04217283121233752,0.006606421397530125
0,0.9571490933646426,0.03671872191112107,0.006132184724236313
0,0.9384898623397215,0.043376994114434714,0.018133143545843736
0,0.9556573160093925,0.03780617004450321,0.0065365139461042235
0,0.9400014185815884,0.04391954672461485,0.016079034693796793
0,0.9400014185815884,0.04391954672461485,0.016079034693796793
0,0.9162142520277115,0.06749096206018458,0.016294785912103926
1,0.9384898623397215,0.043376994114434714,0.018133143545843736
1,0.9422549992469518,0.04214120193947707,0.015603798813571056
0,0.9384898623397215,0.043376994114434714,0.018133143545843736
0,0.9334271598734832,0.05305377190107169,0.013519068225445042
0,0.9334271598734832,0.05305377190107169,0.013519068225445042
1,0.9384898623397215,0.043376994114434714,0.018133143545843736
0,0.9346053442180823,0.047424021610074404,0.01797063417184336
0,0.9384898623397215,0.043376994114434714,0.018133143545843736
0,0.9334271598734832,0.05305377190107169,0.013519068225445042
0,0.9467694326557214,0.04630916867203391,0.00692139867224463
0,0.9422549992469518,0.04214120193947707,0.015603798813571056
0,0.9384898623397215,0.043376994114434714,0.018133143545843736
0,0.9422549992469518,0.04214120193947707,0.015603798813571056
0,0.9384898623397215,0.043376994114434714,0.018133143545843736
0,0.9378702945940383,0.04530748541105816,0.016822219994903423
0,0.9336910459450813,0.05411971573873043,0.012189238316188343
0,0.9384898623397215,0.043376994114434714,0.018133143545843736
0,0.9162142520277115,0.06749096206018458,0.016294785912103926
0,0.9356379518110309,0.05122785114089455,0.013134197048074456
0,0.9463963273622452,0.040467491873838406,0.013136180763916297
0,0.7755886254715083,0.16065938774722488,0.06375198678126684
0,0.46245846039923233,0.19625451334747934,0.34128702625328844
1,0.8555514809635844,0.10190591721016622,0.04254260182624936
2,0.46362107039029393,0.21371809626784005,0.32266083334186585
1,0.5709683583806443,0.2525979967151056,0.17643364490425026
2,0.5766941710018083,0.25668934041722885,0.16661648858096287
2,0.42451878994053344,0.22160414608225265,0.3538770639772138
0,0.37458636938966694,0.2021102087890455,0.42330342182128755
2,0.4769491165022509,0.24433416355747462,0.2787167199402744
0,0.466836296041002,0.2154277699429633,0.31773593401603467
0,0.44534962166989034,0.2337165491417348,0.32093382918837493
0,0.3028241230271278,0.25017816066447973,0.4469977163083925
1,0.316845603511436,0.27842363478427745,0.4047307617042865
0,0.21427981808662513,0.37534909175722,0.41037109015615486
2,0.40485160991480046,0.18674364329954132,0.4084047467856582
2,0.4837453151336077,0.21023119646922553,0.30602348839716687
0,0.7218950912781924,0.13662956041739283,0.1414753483044148
0,0.5055004990274211,0.20256786292469378,0.29193163804788513
0,0.7664500305025701,0.1488803893346602,0.08466958016276967
0,0.6406666092031358,0.1845845147940157,0.17474887600284858
1,0.5717935602149946,0.18266940033951487,0.2455370394454906
0,0.7338176385157721,0.15662456909172345,0.10955779239250452
0,0.7788380948798561,0.0916519356175078,0.12950996950263616
0,0.6502090757684029,0.2082228005595977,0.1415681236719995
0,0.7990079794593083,0.1083489784297201,0.09264304211097155
0,0.6195458373180505,0.1706327002323312,0.20982146244961838
0,0.7061512437075038,0.1361681608901095,0.1576805954023866
0,0.5491485736843792,0.23760695937910797,0.21324446693651283
0,0.8596436919517803,0.09887181283824012,0.04148449520997961
0,0.8862271923991826,0.08706744356366579,0.02670536403715158
0,0.8279315183296129,0.1141479043509184,0.05792057731946861
0,0.8561188623432638,0.10104294938453783,0.04283818827219841
1,0.8368232900470272,0.11506870676659244,0.04810800318638039
1,0.8513673698822708,0.10244398550098585,0.04618864461674337
0,0.7878290410188526,0.17172334488133179,0.04044761409981553
0,0.7971230053912347,0.16466060334227867,0.03821639126648675
0,0.8279315183296129,0.1141479043509184,0.05792057731946861
0,0.8856346553963909,0.09158002121014629,0.022785323393462797
0,0.7860108661418111,0.14616219906833713,0.0678269347898518
0,0.8301617565258,0.13497028109285303,0.03486796238134692
0,0.8813598058490811,0.08976126311003826,0.0288789310408805
0,0.8279315183296129,0.1141479043509184,0.05792057731946861
0,0.8895271367919108,0.08155645175938334,0.02891641144870577
0,0.8596436919517803,0.09887181283824012,0.04148449520997961
0,0.8352884924670457,0.10646983149540772,0.05824167603754653
0,0.8153700038093198,0.13327119692250422,0.05135879926817592
2,0.7581062936207948,0.1867226727691548,0.055171033610050366
0,0.7785889056841937,0.14036071629459237,0.08105037802121381
0,0.8547924727527392,0.10757843771497506,0.03762908953228571
1,0.8772494466866414,0.09291923243896946,0.02983132087438913
2,0.8468585653637527,0.11660837685141556,0.03653305778483175
0,0.8373958524453217,0.13035400102648653,0.032250146528191796
0,0.8279315183296129,0.1141479043509184,0.05792057731946861
0,0.8684538815415406,0.10615474679250839,0.025391371665951186
0,0.8340153599068397,0.13086336829433887,0.03512127179882156
0,0.8340153599068397,0.13086336829433887,0.03512127179882156
0,0.8338786310052426,0.11328113305793255,0.05284023593682481
0,0.8338786310052426,0.11328113305793255,0.05284023593682481
0,0.8203159811470643,0.12579490440996774,0.053889114442968004
0,0.7803351213342117,0.15269755911681218,0.06696731954897621
0,0.2843185582526109,0.4007614125714133,0.31492002917597584
1,0.06584107237797332,0.16656467909585138,0.7675942485261753
0,0.7032083405462832,0.18231394196816486,0.11447771748555204
0,0.843232744731671,0.10804062213789127,0.04872663313043782
0,0.8153700038093198,0.13327119692250422,0.05135879926817592
0,0.8423531290647397,0.12684746989726908,0.030799401037991163
2,0.45384167744342735,0.2627366897771928,0.28342163277937976
0,0.8368232900470272,0.11506870676659244,0.04810800318638039
1,0.8053571049991126,0.12493973616474592,0.0697031588361413
0,0.8506495531308018,0.11237576011453587,0.03697468675466221
0,0.9384898623397215,0.043376994114434714,0.018133143545843736
0,0.9376411328883889,0.04351599178807262,0.018842875323538698
0,0.14921118283424117,0.2176305938558479,0.6331582233099109
2,0.0633614824445238,0.2653669725991201,0.6712715449563562
0,0.9615495350761605,0.026419807976795905,0.01203065694704361
1,0.0611405749377435,0.14554490472875553,0.7933145203335009
1,0.957027889303618,0.03554648874268399,0.007425621953698102
0,0.7986998678082278,0.14003943408340666,0.06126069810836549
1,0.41715128568544324,0.2981303052275399,0.2847184090870168
1,0.8078561940333934,0.13772592088513866,0.054417885081468054
1,0.2663543736771372,0.2328806540009838,0.500764972321879
0,0.8016865782941172,0.10879238426807844,0.08952103743780428
0,0.8880898920877919,0.0876594339042341,0.024250674007973868
0,0.8507061703917914,0.10119298953734025,0.04810084007086826
1,0.09356660177686577,0.33360663841767724,0.572826759805457
0,0.908381644900358,0.07654789577864285,0.01507045932099924
0,0.7658499549411568,0.1629054853497353,0.07124455970910785
1,0.05444638900867976,0.252862890048107,0.6926907209432133
0,0.909831435270224,0.06506157260448152,0.025106992125294315
2,0.18301396488633095,0.30610465699913564,0.5108813781145335
0,0.9409280925118508,0.050553067669016606,0.008518839819132464
2,0.16122021288534272,0.3814935523928557,0.4572862347218015
0,0.9564635367997665,0.036456837488003414,0.007079625712230138
0,0.9448188801701263,0.040310648922857475,0.014870470907016443
2,0.1673573510097043,0.2882922958175225,0.5443503531727731
0,0.9149949699876432,0.0685199342831944,0.01648509572916239
0,0.9285957968642456,0.049858458732254564,0.021545744403499878
0,0.7034580143485726,0.18178155329100573,0.11476043236042172
0,0.1275066706877878,0.17255878810003747,0.6999345412121747
0,0.7028785874404859,0.22320316579377247,0.07391824676574169
2,0.021850855161712163,0.043639821489012486,0.9345093233492754
2,0.36129427346252735,0.26943216106470796,0.36927356547276463
2,0.31352604963084096,0.22337098356775958,0.46310296680139945
1,0.9258991206198987,0.05758377519383674,0.01651710418626474
1,0.08353373799631501,0.6723193941660038,0.24414686783768108
1,0.9387445388553591,0.04405664323449558,0.017198817910145308
0,0.8181553961871949,0.061924642153856374,0.1199199616589486
0,0.8986815244191265,0.08836073690181652,0.012957738679056913
0,0.77527566684902,0.1321453672767458,0.09257896587423417
1,0.701916491231767,0.20020952057820773,0.09787398819002531
2,0.26878105587885703,0.21786483462307826,0.5133541094980647
2,0.1251261116546437,0.20782389977813173,0.6670499885672246
0,0.5136360094741469,0.2633316039408534,0.22303238658499977
1,0.8976463311037808,0.08752052871578204,0.014833140180437007
0,0.80590735597956,0.11829026537066964,0.07580237864977017
0,0.32941332329199635,0.15730476706435711,0.5132819096436465
0,0.07615201317168052,0.161474376880223,0.7623736099480966
0,0.549869568613995,0.2546864675686581,0.19544396381734683
0,0.8077052400621492,0.13820675679673564,0.054088003141115094
0,0.8067659718572104,0.12881476209969334,0.0644192660430963
2,0.5859905538804412,0.2115827874559788,0.20242665866357992
1,0.3414523357535259,0.19956594388155044,0.45898172036492363
0,0.9395582161865372,0.04208374199740382,0.018358041816058903
2,0.10255348670612996,0.21345616278344376,0.6839903505104262
1,0.9156211769208259,0.05883085371109591,0.025547969368078252
0,0.6650892544155385,0.25423284952780956,0.08067789605665197
0,0.9350613017458197,0.05154423410445454,0.013394464149725687
0,0.7541850131307073,0.14202063494055048,0.10379435192874226
0,0.21304249898645283,0.12651372663790608,0.6604437743756411
0,0.8252323937797491,0.127008455264667,0.04775915095558387
1,0.5534581889295014,0.3831213526140763,0.0634204584564224
0,0.9032216913945437,0.06848198531822533,0.02829632328723101
0,0.8594956942458427,0.10205376955359827,0.03845053620055896
1,0.24179124484488956,0.18808646544032698,0.5701222897147835
2,0.5759548103697805,0.22364438987281468,0.20040079975740488
1,0.09673499823091601,0.14681950173616443,0.7564455000329195
2,0.11622233829935132,0.16770654615554142,0.7160711155451072
1,0.293869979812201,0.39713566718490956,0.30899435300288947
0,0.22422354512473475,0.24007997658621047,0.5356964782890548
2,0.14613540060754757,0.24788330462605115,0.6059812947664013
0,0.8270120360691903,0.12897645341403577,0.04401151051677393
0,0.7862117754602274,0.13965552500670386,0.07413269953306872
2,0.043021706412916,0.15208827990072754,0.8048900136863564
2,0.04294434892269556,0.43654868024498295,0.5205069708323214
1,0.7290265021231206,0.1815443634511044,0.08942913442577498
0,0.17203784829657146,0.3957159386280745,0.43224621307535416
0,0.9042065425046588,0.056013284656080006,0.03978017283926121
0,0.9295788684945355,0.04829219716040183,0.022128934345062586
2,0.08140546498499981,0.2002923050732154,0.7183022299417847
2,0.10954136473075146,0.17305810566208296,0.7174005296071657
0,0.931549312677016,0.05542010170490425,0.01303058561807975
2,0.06252588852267793,0.18598511504761045,0.7514889964297116
1,0.07907905247093903,0.1306364105242877,0.7902845370047733
0,0.8276463352285249,0.1341676446940476,0.03818602007742742
2,0.07421725486794549,0.15471805385203166,0.771064691280023
0,0.8976791732396282,0.060865009414755526,0.04145581734561628
0,0.7688898939892526,0.1402107819077567,0.09089932410299079
0,0.5905333046106933,0.23073030405932665,0.17873639132998
0,0.8949640828578588,0.07969227564681783,0.025343641495323376
2,0.04177100016647962,0.11724603160053643,0.8409829682329839
2,0.07525835403921209,0.14862802604635272,0.7761136199144352
0,0.2834989022797857,0.26324157462352726,0.45325952309668716
