target,prediction_-1,prediction_0,prediction_1
2,0.2904811028311813,0.42990581536101385,0.2796130818078049
0,0.1289552620830942,0.47273457490981663,0.3983101630070892
1,0.16105304437277293,0.21430849649809675,0.6246384591291304
1,0.10810912291048155,0.43993132595240686,0.45195955113711145
2,0.17900680595099738,0.2799349002771202,0.5410582937718824
2,0.08674459678821077,0.3413682005090548,0.5718872027027343
1,0.07683062271419287,0.41279508854980623,0.5103742887360009
1,0.15698134289750484,0.392112178850684,0.4509064782518112
2,0.15698134289750484,0.392112178850684,0.4509064782518112
2,0.07683062271419287,0.41279508854980623,0.5103742887360009
2,0.1141970487692359,0.3657152260111688,0.5200877252195953
2,0.15562000459793365,0.23695738386833853,0.6074226115337278
0,0.8843069720023574,0.07043191763189109,0.0452611103657516
0,0.7753604524316566,0.13589117433275577,0.08874837323558762
0,0.8188496982549595,0.1191227647536919,0.062027536991348636
0,0.8509597576519858,0.0825735197409331,0.066466722607081
2,0.1908858180072692,0.1512184489036211,0.6578957330891098
1,0.18284436619590652,0.17877453647596853,0.638381097328125
0,0.11199512910978754,0.11770827395015006,0.7702965969400624
1,0.12478655662149886,0.18729305515291877,0.6879203882255824
2,0.05012654185642837,0.08941311579146236,0.8604603423521093
2,0.24041100164685533,0.1859533098950975,0.5736356884580471
2,0.11279788299715866,0.21667338213190146,0.6705287348709399
2,0.06903913477727223,0.10028954653754416,0.8306713186851835
1,0.12557713736671625,0.21820646864684218,0.6562163939864416
2,0.15200905585263874,0.18442328182590798,0.6635676623214534
2,0.11137912652582099,0.1941498732226425,0.6944710002515365
2,0.23193644158047724,0.1798825389030856,0.5881810195164371
2,0.10117072968110526,0.1955806552738452,0.7032486150450495
0,0.16986750882254778,0.2546196499876321,0.5755128411898202
2,0.2914932789710995,0.18889792958437998,0.5196087914445205
2,0.12003538253621511,0.28982892013938233,0.5901356973244025
2,0.25611372845774133,0.18917698465539312,0.5547092868868655
1,0.24586436452590604,0.1047487873353335,0.6493868481387605
1,0.189012964436425,0.23106457327588018,0.5799224622876947
1,0.15409657651347813,0.27067178121264907,0.5752316422738728
0,0.189012964436425,0.23106457327588018,0.5799224622876947
0,0.14736574662924387,0.27933479202237543,0.5732994613483806
2,0.23308246099061575,0.24919775878845882,0.5177197802209254
2,0.11400581079553683,0.16948951012770283,0.7165046790767603
2,0.10746049987539291,0.16700635372070288,0.7255331464039043
2,0.3077193892021738,0.2543008525218172,0.4379797582760091
2,0.06461107025503304,0.35188527396929126,0.5835036557756756
2,0.1572310415424631,0.23554536833776055,0.6072235901197763
1,0.19112947236346925,0.24063122153210692,0.5682393061044239
2,0.189012964436425,0.23106457327588018,0.5799224622876947
0,0.8552365300131283,0.09069443197829512,0.054069038008576556
0,0.8394993273651026,0.11876335083956796,0.041737321795329435
0,0.8687119462679084,0.07844555912791913,0.05284249460417255
0,0.8762786089244579,0.0854479084548765,0.03827348262066555
0,0.8841579406356092,0.07158922884309486,0.044252830521296055
0,0.8202473166882772,0.11993365686747728,0.05981902644424539
0,0.8548411703068954,0.10330942954782103,0.04184940014528345
0,0.8844525498489394,0.08031451514360587,0.03523293500745487
0,0.8810331005778358,0.07361619537879274,0.04535070404337139
0,0.8921508661329269,0.06732264841039586,0.04052648545667735
0,0.8506724434830722,0.09911228820006104,0.05021526831686675
0,0.8383758766475488,0.09923219324644358,0.062391930106007555
2,0.1703078047240886,0.14085725504230548,0.6888349402336059
2,0.20905987993309907,0.10476383672286552,0.6861762833440355
2,0.061589693245172446,0.14191310634582333,0.7964972004090043
1,0.12990367171999606,0.12703865109948562,0.7430576771805183
2,0.13174913957948314,0.12819528887553172,0.740055571544985
2,0.12990367171999606,0.12703865109948562,0.7430576771805183
2,0.0467133855784566,0.060503455346646855,0.8927831590748965
2,0.10107089064364531,0.19626088101879563,0.7026682283375592
0,0.8533748581920145,0.10494318774110446,0.041681954066881015
0,0.8625255977295663,0.07598773541244663,0.06148666685798704
0,0.8533748581920145,0.10494318774110446,0.041681954066881015
0,0.8818615121511924,0.06805043406376808,0.05008805378503947
0,0.8808968905974037,0.07252359530058708,0.0465795141020092
0,0.8519439277140093,0.08694632492537979,0.06110974736061095
0,0.8755576919006633,0.07280372888293254,0.05163857921640407
0,0.732126405273418,0.14416350383906082,0.12371009088752126
1,0.7965971737649022,0.0958113671430569,0.10759145909204088
0,0.8591503932657082,0.09006543090534405,0.05078417582894777
0,0.673572464377801,0.21578882339915406,0.11063871222304482
0,0.8331926292163738,0.12054506796717433,0.04626230281645186
1,0.87444507724008,0.08994201736724948,0.03561290539267051
0,0.8374023267631937,0.11691779262963446,0.04567988060717176
0,0.764710938866502,0.16548451106945747,0.0698045500640405
0,0.8374023267631937,0.11691779262963446,0.04567988060717176
0,0.764710938866502,0.16548451106945747,0.0698045500640405
0,0.7687089878136434,0.1649980752572165,0.06629293692914016
0,0.7982647640782766,0.13460393132295376,0.06713130459876966
2,0.7989334206915029,0.13446029694563874,0.06660628236285838
1,0.7813411192662058,0.14885221861739895,0.06980666211639534
0,0.8005832426387125,0.09696006439715621,0.10245669296413143
0,0.801386524802939,0.10022744395032433,0.09838603124673657
0,0.8749574392733653,0.09955075159557407,0.025491809131060406
0,0.8871491176772275,0.07995260520209344,0.03289827712067911
0,0.8941226960681413,0.07661796966988489,0.02925933426197368
1,0.8984722145478362,0.08072673730689506,0.02080104814526856
0,0.8958386567203618,0.08460277205811564,0.019558571221522585
0,0.8450329857342251,0.11637781232190776,0.038589201943867224
0,0.8785705080410691,0.09662238409332789,0.02480710786560313
0,0.8620937741605293,0.10363825208817855,0.03426797375129211
1,0.830826887817847,0.07943242558396886,0.08974068659818413
0,0.830826887817847,0.07943242558396886,0.08974068659818413
0,0.8525480464514524,0.1133265397309192,0.034125413817628396
0,0.8299148120882618,0.12324273736362606,0.04684245054811213
0,0.8589944878675448,0.09773338775022693,0.04327212438222833
0,0.8652978927478342,0.10668818358252878,0.028013923669637016
0,0.8791633074291082,0.09535069180532597,0.025486000765565935
0,0.8782724138667648,0.09798797855985428,0.023739607573380922
0,0.9242085300936862,0.052375789153879616,0.023415680752434227
0,0.9280446195856088,0.03791033449175707,0.03404504592263419
0,0.865819424119266,0.07357103118365749,0.06060954469707651
0,0.8457589685671112,0.06073350041017031,0.09350753102271853
0,0.8005832426387125,0.09696006439715621,0.10245669296413143
0,0.8005832426387125,0.09696006439715621,0.10245669296413143
2,0.06409028790740669,0.09257341081739814,0.8433363012751951
2,0.06409028790740669,0.09257341081739814,0.8433363012751951
2,0.11339646355644227,0.17493513260586946,0.7116684038376883
2,0.04038574284093543,0.06976519769577398,0.8898490594632906
2,0.04770474849835881,0.04984459521939983,0.9024506562822413
2,0.11200698378174488,0.09893251484536389,0.7890605013728913
2,0.03211154962299722,0.1323333812750627,0.8355550691019401
2,0.10089028511122701,0.15582656043190662,0.7432831544568664
2,0.04167763304184856,0.09477359992430501,0.8635487670338465
2,0.10056147988266036,0.16451668311627765,0.7349218370010621
2,0.03211154962299722,0.1323333812750627,0.8355550691019401
2,0.09222096893961525,0.13447142277612545,0.7733076082842593
2,0.07500414709920183,0.08918257710024664,0.8358132758005515
2,0.04302664352580783,0.06894156582050208,0.88803179065369
2,0.040230160568738516,0.03524159605019473,0.9245282433810667
2,0.08941169210957536,0.15157024713163894,0.7590180607587858
2,0.08759404511891918,0.25180423336775476,0.660601721513326
2,0.04808172708213131,0.045881552922209655,0.906036719995659
2,0.035057553583604774,0.031303223557056836,0.9336392228593383
2,0.0501525439743948,0.06241693798213637,0.887430518043469
2,0.034202841155135146,0.031187700018147656,0.9346094588267172
2,0.07304548404762332,0.06649080183909754,0.860463714113279
2,0.10957786627247215,0.18356546929798842,0.7068566644295394
2,0.031117983786440408,0.02689626455253674,0.9419857516610228
2,0.08426759800884098,0.10118726474058282,0.8145451372505762
2,0.09532765788125469,0.08889127395894506,0.8157810681598003
2,0.09507815756173699,0.17187324667138904,0.7330485957668739
1,0.09507815756173699,0.17187324667138904,0.7330485957668739
2,0.05580548378324091,0.08418666139286637,0.8600078548238927
2,0.0765158691820492,0.06259089954243424,0.8608932312755165
0,0.09281642597601014,0.16993481407718167,0.7372487599468082
2,0.12867849604595324,0.13422183261767898,0.7370996713363678
0,0.0647702279621334,0.12339476512341385,0.8118350069144529
2,0.09507815756173699,0.17187324667138904,0.7330485957668739
2,0.11555059947599533,0.12868980250987763,0.755759598014127
2,0.08590411374607547,0.19695961007097082,0.7171362761829537
1,0.11555059947599533,0.12868980250987763,0.755759598014127
0,0.052830869969387746,0.14959663449785304,0.7975724955327591
2,0.09946482719415779,0.19225521650247035,0.7082799563033718
1,0.08113491546255099,0.14954069010397925,0.7693243944334698
2,0.06409028790740669,0.09257341081739814,0.8433363012751951
2,0.0621533228796343,0.08597618558501167,0.8518704915353541
2,0.025005251748063586,0.11708981916083405,0.8579049290911023
2,0.030964615438092844,0.06067389595440184,0.9083614886075053
2,0.03608187156886774,0.1199908134493927,0.8439273149817396
2,0.03661852310394742,0.11833605737952423,0.8450454195165282
1,0.13025389605691381,0.1458068180880946,0.7239392858549917
1,0.061872479486372645,0.22028517875861334,0.7178423417550139
2,0.04484865069518764,0.12167285061287192,0.8334784986919404
2,0.1404498320443385,0.15124485314718822,0.7083053148084734
2,0.13025389605691381,0.1458068180880946,0.7239392858549917
2,0.07256960270542981,0.23914572164155742,0.6882846756530127
2,0.04260808509589438,0.1317921474599172,0.8255997674441885
2,0.044532541184575045,0.09972373253041814,0.8557437262850068
2,0.04745290340888023,0.19806813226572656,0.7544789643253932
1,0.038332868767873805,0.08078368639698251,0.8808834448351437
2,0.029746336569252255,0.13083848144851132,0.8394151819822364
2,0.03380997580467694,0.16351975091141008,0.8026702732839129
2,0.05087501347354735,0.2476393356409084,0.7014856508855443
2,0.04914726087454881,0.1886061690762834,0.7622465700491678
1,0.0556322461662986,0.34116462628618016,0.6032031275475211
2,0.04751593819184434,0.261800180617185,0.6906838811909706
1,0.056163059601623565,0.2790994843513351,0.6647374560470413
1,0.13643201785997652,0.3371639642915807,0.5264040178484428
2,0.0556322461662986,0.34116462628618016,0.6032031275475211
2,0.0556322461662986,0.34116462628618016,0.6032031275475211
0,0.8849586528837208,0.06556717312651178,0.0494741739897674
0,0.7386674157347317,0.13631516299745614,0.12501742126781215
2,0.18657860337753454,0.1570290514917494,0.656392345130716
2,0.21755045451752775,0.1453081665288706,0.6371413789536017
1,0.17667881700229376,0.03418071208354302,0.7891404709141632
2,0.21302051925161236,0.17236889373358621,0.6146105870148015
1,0.32469214229905113,0.23206576891471997,0.44324208878622895
0,0.15175228968440946,0.15082474509419988,0.6974229652213906
2,0.3136126972747147,0.2334667850431888,0.45292051768209657
0,0.29446262417442937,0.23952182621447968,0.46601554961109104
1,0.7138092552518365,0.13534802144333222,0.1508427233048314
0,0.7251577216365026,0.14563472632435745,0.12920755203914003
0,0.744041754050317,0.1691206999567868,0.08683754599289613
1,0.6856979197896529,0.12266388248961611,0.19163819772073099
0,0.7550523529544284,0.09205823982121235,0.15288940722435923
0,0.7148754244106413,0.16785361728954548,0.11727095829981324
0,0.7319147785406931,0.1171774178678109,0.15090780359149591
0,0.7466513925165565,0.11553050894710468,0.13781809853633883
2,0.16023629936860842,0.2345213640736635,0.6052423365577281
2,0.26761908384037486,0.07214277791757638,0.6602381382420488
2,0.25590609533043857,0.23431886309993508,0.5097750415696263
2,0.31500383396214077,0.16143565703481227,0.523560509003047
2,0.30280442171156247,0.14246607207121578,0.5547295062172217
2,0.15103250739079074,0.2911936849187585,0.5577738076904508
0,0.48506073843073677,0.14973182417636707,0.36520743739289596
2,0.452112334941507,0.1676129791591482,0.38027468589934477
0,0.5290167669691892,0.160974708386901,0.3100085246439098
0,0.4294889881845899,0.15972073069377957,0.4107902811216306
2,0.5290167669691892,0.160974708386901,0.3100085246439098
0,0.443153693606847,0.18392101046396056,0.37292529592919244
2,0.20448053149307743,0.09335500552576129,0.7021644629811613
2,0.24456952859492204,0.09961400115466565,0.6558164702504122
0,0.2870966483333005,0.2725728266644506,0.4403305250022489
2,0.30337216568396824,0.23983937164011532,0.45678846267591655
1,0.5729325231312961,0.1292953075192515,0.29777216934945233
2,0.48910926190239634,0.22961869485037337,0.2812720432472303
1,0.28105280956001216,0.0885645944002732,0.6303825960397146
2,0.2635179386047329,0.06303531006810636,0.6734467513271607
2,0.05267217356771796,0.19362436699747232,0.7537034594348098
1,0.10402777762051303,0.15449203618335744,0.7414801861961295
2,0.10780192711174665,0.17434988601883117,0.7178481868694222
2,0.21301456149674602,0.17755351537740674,0.6094319231258473
0,0.28105280956001216,0.0885645944002732,0.6303825960397146
1,0.15989426222160985,0.22034605361643972,0.6197596841619504
2,0.30830905604706227,0.24694538362642326,0.44474556032651447
2,0.16697998659763688,0.26865952079567557,0.5643604926066875
0,0.37846687051313904,0.29940956222027026,0.3221235672665907
1,0.3367221945203148,0.3120189821006914,0.3512588233789938
2,0.348179676962238,0.4027399719943398,0.2490803510434222
0,0.35500675697411455,0.22139367786609515,0.42359956515979036
1,0.23963739897720468,0.09422316928291138,0.6661394317398839
2,0.09963016015136715,0.32351866167702614,0.5768511781716067
2,0.4525785713713007,0.1548429485963249,0.3925784800323745
0,0.32109315316396914,0.3027361681185438,0.37617067871748716
2,0.3027837775244581,0.33459579425911934,0.3626204282164225
0,0.16030632483824778,0.4013005040277573,0.438393171133995
1,0.21173709249998432,0.3313970393763609,0.4568658681236547
1,0.2840240135246475,0.32696237273068846,0.3890136137446641
1,0.11336865105121119,0.32849301824736954,0.5581383307014193
1,0.10429024580478427,0.3091519316407203,0.5865578225544955
1,0.1352808478767674,0.4168092394696048,0.4479099126536278
2,0.10787794473730357,0.41233199692953343,0.479790058333163
1,0.07360254475070997,0.2043577446803951,0.7220397105688949
2,0.07528255101660412,0.4097708573887483,0.5149465915946476
2,0.06610116361207775,0.5463812038469001,0.3875176325410222
1,0.05916622509843879,0.219740164730517,0.7210936101710441
0,0.8415088699175562,0.1216054809329922,0.036885649149451645
0,0.8873496666039185,0.0831512581864985,0.029499075209583125
0,0.9430018176461233,0.04729774765639086,0.009700434697485778
0,0.8267430385803475,0.1382699635936978,0.034986997825954665
0,0.9412527515591684,0.048004641323091596,0.010742607117739809
0,0.861190679497513,0.10288172938604792,0.035927591116438985
0,0.8852035839713324,0.08677901882222608,0.028017397206441606
1,0.8544356993635823,0.10840057878418125,0.037163721852236466
0,0.8297488319050786,0.11996571556217393,0.050285452532747445
0,0.8619828997852709,0.10344562187179422,0.0345714783429348
0,0.8449724343020352,0.12139409885250582,0.0336334668454591
0,0.8989420500503135,0.07318176925075175,0.027876180698934903
0,0.9322016835202398,0.051828951084782054,0.015969365394978136
1,0.9007294501439056,0.07201146997660583,0.027259079879488498
0,0.8269154887628593,0.1121264845210183,0.060958026716122354
0,0.8633866194035283,0.09807510226411353,0.03853827833235811
0,0.8998668150886818,0.08113596063372895,0.018997224277589382
0,0.7969465618836846,0.14268863062479262,0.06036480749152279
0,0.9207779342959285,0.06086671414014239,0.018355351563929114
0,0.8378699382883327,0.12149401278307458,0.04063604892859268
1,0.7533521012262911,0.17912564962974306,0.06752224914396585
0,0.891201549204572,0.0860552560675791,0.022743194727848734
0,0.8965509165710753,0.08464732399163527,0.018801759437289383
0,0.7097428772184952,0.1845901577046731,0.1056669650768318
0,0.8590423923517108,0.11774305640650333,0.02321455124178591
1,0.7045798303867847,0.21019858640514824,0.08522158320806704
0,0.6852101049243441,0.21406375802359548,0.10072613705206043
1,0.7578520368318619,0.1824033526997743,0.05974461046836384
0,0.7707134741464481,0.1745542595453649,0.054732266308186964
0,0.7415073786827435,0.18025715770133635,0.0782354636159202
1,0.6248087909829917,0.2656530711786978,0.10953813783831051
0,0.3592194477510385,0.32088589921126853,0.3198946530376931
1,0.37132801135369486,0.3473586780681547,0.2813133105781504
2,0.4935208005353378,0.43743365575522714,0.06904554370943494
0,0.8214500115076455,0.1532805414959721,0.025269446996382533
0,0.6947484476299283,0.2176995448768075,0.08755200749326426
1,0.8590284549994355,0.11739948202987349,0.023572062970691043
0,0.8363753443586329,0.13990835063615917,0.02371630500520783
0,0.8590284549994355,0.11739948202987349,0.023572062970691043
0,0.7741474903659742,0.18939565770424063,0.03645685192978522
1,0.7971594388047479,0.17832501586560673,0.024515545329645276
0,0.7628456929691012,0.2028055988724788,0.03434870815842013
0,0.6338769616031737,0.2724702712747673,0.09365276712205893
1,0.6129389825947179,0.2906889455751481,0.09637207183013391
0,0.6129389825947179,0.2906889455751481,0.09637207183013391
1,0.788869367827235,0.1478008813471082,0.06332975082565673
0,0.8897576566894588,0.08704630132729232,0.023196041983248997
0,0.8903854121881876,0.08302009649414524,0.026594491317667238
0,0.8897576566894588,0.08704630132729232,0.023196041983248997
0,0.920411580098704,0.0653029374462979,0.014285482454998074
0,0.9395442773382975,0.04563537000765877,0.01482035265404386
0,0.9443106958089174,0.04334444314012411,0.012344861050958621
0,0.9139167531756425,0.0694273842849227,0.01665586253943495
0,0.9033524296354487,0.07806892296567675,0.01857864739887457
0,0.9393353890487413,0.0468843547279934,0.013780256223265347
0,0.9614209523599375,0.028324387436082905,0.010254660203979705
0,0.947152088921973,0.04082137948151368,0.012026531596513403
0,0.947152088921973,0.04082137948151368,0.012026531596513403
0,0.9614209523599375,0.028324387436082905,0.010254660203979705
0,0.8974255070454389,0.08320697618601516,0.019367516768545916
0,0.9495451381272473,0.03918616301095427,0.011268698861798428
0,0.9322281109513963,0.049423838917705076,0.018348050130898595
0,0.9139167531756425,0.0694273842849227,0.01665586253943495
0,0.9431561519716803,0.04435744861389136,0.012486399414428261
0,0.9211833959385746,0.06704358907337032,0.011773014988055063
0,0.9389063346069727,0.04589077210191462,0.015202893291112681
1,0.8200076919300651,0.15276728001311748,0.02722502805681744
0,0.834778548838358,0.11573064515544129,0.0494908060062006
1,0.7475044978269089,0.161123407509847,0.09137209466324422
0,0.7581454439611822,0.18759405919593009,0.05426049684288773
1,0.12378265053914626,0.10886014127262808,0.7673572081882257
2,0.45157904858684217,0.3370197095920735,0.21140124182108436
1,0.3355989557401235,0.3401993564978419,0.32420168776203456
2,0.4704696564929314,0.20051248348624057,0.32901786002082806
2,0.3107700290204162,0.35778114127870925,0.3314488297008746
2,0.5002722301937267,0.2817490666520445,0.21797870315422874
1,0.37905427894908894,0.2632889693964839,0.3576567516544272
2,0.6067986591048364,0.25113215975716296,0.14206918113800057
0,0.47886115821994857,0.24258213827700392,0.27855670350304756
1,0.4444468894768262,0.28367099065128293,0.271882119871891
0,0.4226531616622843,0.34623651063738015,0.23111032770033557
1,0.37905427894908894,0.2632889693964839,0.3576567516544272
0,0.49155994737603653,0.19386247524820008,0.3145775773757633
0,0.4444250317541142,0.2559413526916898,0.29963361555419615
0,0.51437160715051,0.27819724466929535,0.2074311481801947
1,0.7555933252600969,0.14985631429288462,0.09455036044701845
2,0.40462587325268806,0.21400767967627796,0.38136644707103406
2,0.4479919977934462,0.2685519600308436,0.2834560421757102
1,0.412756435068662,0.2936796385975696,0.2935639263337683
1,0.5339373687064246,0.225221790107957,0.24084084118561835
0,0.4509080032489104,0.230850010220559,0.31824198653053054
2,0.5001904787014648,0.22194234178413824,0.27786717951439693
0,0.5266353189256691,0.28427460342816124,0.18909007764616972
1,0.7876984689928411,0.10321907027213685,0.1090824607350219
2,0.2695890435041726,0.252159954427975,0.4782510020678525
2,0.13964898877989282,0.3678924682776904,0.4924585429424168
2,0.03440138070353953,0.19570007251721241,0.7698985467792481
2,0.12482016627227427,0.3295372889931946,0.5456425447345311
2,0.04110912470736171,0.17836248697735851,0.7805283883152797
2,0.031875195485559976,0.2001487766976658,0.7679760278167742
1,0.12280965164715821,0.27320656295849177,0.60398378539435
2,0.020708646935769747,0.17307526294048586,0.8062160901237444
2,0.0339377575542052,0.20817202163764473,0.7578902208081499
2,0.07031778687150318,0.2853144532792471,0.6443677598492499
2,0.05052399288939394,0.2097290816833872,0.7397469254272189
2,0.016092795409310995,0.16756811222482898,0.8163390923658601
1,0.051974790482030575,0.20153041923206633,0.7464947902859032
2,0.01628203343950332,0.1607488401987456,0.822969126361751
2,0.12008597060909743,0.09084924694309232,0.7890647824478102
2,0.056653963225089865,0.14141343274547538,0.8019326040294348
2,0.04764776341244658,0.09594214382849522,0.8564100927590581
2,0.11611842666549824,0.22182741702266043,0.6620541563118414
2,0.04271562228099425,0.08575263220721019,0.8715317455117956
2,0.04271562228099425,0.08575263220721019,0.8715317455117956
0,0.8122527923995437,0.16429980231387492,0.023447405286581416
0,0.8111685445061387,0.14693468246097657,0.04189677303288474
0,0.826557739734398,0.12317317551390698,0.050269084751694976
1,0.9173835013363962,0.06404783348583287,0.018568665177771
0,0.8950460574764092,0.09160517385143335,0.013348768672157419
0,0.9016977802792493,0.0851742147383963,0.013128004982354289
0,0.8455297307161848,0.10193802861168248,0.05253224067213279
0,0.9134534996609733,0.0745211771968109,0.012025323142215704
0,0.9246195851796369,0.05490191658039867,0.02047849823996433
0,0.8455297307161848,0.10193802861168248,0.05253224067213279
0,0.9197301878748948,0.0671811427147331,0.013088669410372082
0,0.8601681452317886,0.08635678944457569,0.05347506532363571
0,0.9174896807974737,0.07073749572986598,0.011772823472660298
0,0.9246195851796369,0.05490191658039867,0.02047849823996433
0,0.9120334635315513,0.07593861211341547,0.012027924355033116
0,0.9215677271840754,0.06541513962955384,0.013017133186370836
0,0.8167554583865095,0.14672069352512318,0.03652384808836725
0,0.9048003692113411,0.08139934899375417,0.013800281794904855
0,0.9233717945609861,0.06455180001757307,0.012076405421440837
0,0.9048003692113411,0.08139934899375417,0.013800281794904855
0,0.8658414381105264,0.11843171257434196,0.015726849315131575
0,0.9051059711408782,0.07189099605724888,0.023003032801872908
0,0.8007148730683374,0.15507751649264132,0.04420761043902126
0,0.9078664012031836,0.07219617637096717,0.01993742242584929
0,0.8791916667208954,0.09271559059092983,0.028092742688174622
1,0.9299190942848913,0.05993183045253668,0.010149075262571998
0,0.9187848361752068,0.06759906758339505,0.013616096241398054
0,0.922799011114693,0.05971406754495394,0.017486921340353137
0,0.9158461754245864,0.05842050425971955,0.025733320315694152
0,0.8586478423581095,0.09484324621227902,0.04650891142961156
0,0.9351456293892665,0.05105327572738012,0.013801094883353288
0,0.9366326777193602,0.0499533688210047,0.013413953459635084
0,0.8262857265800704,0.14031881336943186,0.03339546005049778
0,0.9238944668307586,0.06582875424778124,0.010276778921460067
0,0.9331718030423604,0.05196835310699931,0.01485984385064044
0,0.931381399210421,0.05297857696310975,0.015640023826469424
0,0.9331718030423604,0.05196835310699931,0.01485984385064044
0,0.937728253587392,0.04873017288799581,0.013541573524612152
0,0.9430822218731363,0.047453054209857376,0.009464723917006314
0,0.9323600745040634,0.05376190311466869,0.01387802238126777
0,0.9342909897206134,0.05343216582072802,0.012276844458658655
0,0.920039699367264,0.061083479062548456,0.01887682157018755
0,0.9520126091371259,0.03565160985145246,0.012335781011421512
0,0.9237557065661268,0.05460370553294096,0.021640587900932318
0,0.9331718030423604,0.05196835310699931,0.01485984385064044
0,0.9487497563763881,0.0374991633231354,0.013751080300476502
0,0.9177522426173232,0.06897492313016516,0.013272834252511696
0,0.9475348475857872,0.0379581829626953,0.014506969451517608
0,0.9177522426173232,0.06897492313016516,0.013272834252511696
0,0.9475348475857872,0.0379581829626953,0.014506969451517608
0,0.9475348475857872,0.0379581829626953,0.014506969451517608
0,0.9283591927058644,0.06385279641393234,0.007788010880203461
0,0.9249477515620054,0.059186767227866366,0.015865481210128134
0,0.9249477515620054,0.059186767227866366,0.015865481210128134
0,0.9200252483940876,0.06073067686914369,0.019244074736768604
1,0.891251402070345,0.09432604065116394,0.014422557278490886
0,0.9532234560941758,0.03445107085047588,0.01232547305534829
0,0.9384273952717117,0.05127659441127539,0.010296010317012882
0,0.9553981943588457,0.03669209973045834,0.007909705910695964
0,0.9384273952717117,0.05127659441127539,0.010296010317012882
0,0.9551338142144166,0.03702176056830155,0.007844425217281783
0,0.9426067871396143,0.04868867674194144,0.008704536118444203
0,0.9446767984012625,0.04564233046832926,0.00968087113040825
0,0.9446767984012625,0.04564233046832926,0.00968087113040825
0,0.931381399210421,0.05297857696310975,0.015640023826469424
0,0.9532234560941758,0.03445107085047588,0.01232547305534829
0,0.931381399210421,0.05297857696310975,0.015640023826469424
0,0.931381399210421,0.05297857696310975,0.015640023826469424
0,0.9538914877934587,0.03369481589130018,0.012413696315240976
1,0.9481890890097628,0.0427221686527075,0.009088742337529737
0,0.9425630721926357,0.04805875556422144,0.00937817224314291
0,0.9448690560504277,0.0456939614350032,0.009436982514569191
0,0.9564421241863085,0.03578684849795661,0.0077710273157349545
0,0.9532234560941758,0.03445107085047588,0.01232547305534829
0,0.9355010029391951,0.04918226796354085,0.01531672909726406
0,0.9532234560941758,0.03445107085047588,0.01232547305534829
0,0.9408545001508263,0.04853196882979474,0.010613531019379079
0,0.937571751189361,0.04556296549114371,0.0168652833194954
0,0.9532234560941758,0.03445107085047588,0.01232547305534829
0,0.9509751745444248,0.043848823632912905,0.005176001822662345
0,0.9489708967149139,0.04616354751029138,0.004865555774794643
0,0.931381399210421,0.05297857696310975,0.015640023826469424
0,0.9425630721926357,0.04805875556422144,0.00937817224314291
0,0.9384181700270938,0.05103601626812815,0.010545813704778069
0,0.931381399210421,0.05297857696310975,0.015640023826469424
0,0.9527016733953358,0.03922632584897603,0.008072000755688178
0,0.9242480679593387,0.05654297356605433,0.019208958474606883
0,0.9247003320167245,0.05564674138730958,0.019652926595965764
0,0.9532234560941758,0.03445107085047588,0.01232547305534829
0,0.9347397063541872,0.047338141553693314,0.01792215209211934
0,0.9630115674809796,0.030199198917866384,0.006789233601153972
0,0.9532234560941758,0.03445107085047588,0.01232547305534829
0,0.9509751745444248,0.043848823632912905,0.005176001822662345
0,0.9509751745444248,0.043848823632912905,0.005176001822662345
0,0.9347397063541872,0.047338141553693314,0.01792215209211934
0,0.9532234560941758,0.03445107085047588,0.01232547305534829
0,0.9347397063541872,0.047338141553693314,0.01792215209211934
0,0.9509751745444248,0.043848823632912905,0.005176001822662345
0,0.931381399210421,0.05297857696310975,0.015640023826469424
0,0.9425630721926357,0.04805875556422144,0.00937817224314291
0,0.9553981943588457,0.03669209973045834,0.007909705910695964
0,0.931381399210421,0.05297857696310975,0.015640023826469424
0,0.9398268728700998,0.050166923269025075,0.010006203860875102
0,0.9391247176009613,0.05038020814108931,0.010495074257949436
0,0.9528154654387676,0.03704287956458189,0.01014165499665054
0,0.931381399210421,0.05297857696310975,0.015640023826469424
2,0.931381399210421,0.05297857696310975,0.015640023826469424
0,0.9390944138454561,0.0496006469779628,0.011304939176580988
0,0.9398268728700998,0.050166923269025075,0.010006203860875102
0,0.9476810516830788,0.046579035089914296,0.00573991322700689
0,0.9528744746071461,0.041733220725325294,0.005392304667528483
0,0.931381399210421,0.05297857696310975,0.015640023826469424
0,0.9531414883262506,0.04120488098343425,0.0056536306903153056
0,0.9551336094904731,0.03647986729032338,0.008386523219203733
0,0.9551336094904731,0.03647986729032338,0.008386523219203733
0,0.9425630721926357,0.04805875556422144,0.00937817224314291
1,0.931381399210421,0.05297857696310975,0.015640023826469424
1,0.9551336094904731,0.03647986729032338,0.008386523219203733
0,0.9270876510912793,0.056576214333696535,0.016336134575024263
0,0.9297590907309093,0.0604989725467865,0.0097419367223042
0,0.9297590907309093,0.0604989725467865,0.0097419367223042
1,0.9270876510912793,0.056576214333696535,0.016336134575024263
0,0.9383052600687158,0.04889787634315506,0.012796863588129223
0,0.9253949629748021,0.059522988149246926,0.015082048875950915
0,0.9297590907309093,0.0604989725467865,0.0097419367223042
0,0.9478685516248584,0.04519596788679109,0.006935480488350513
0,0.9551336094904731,0.03647986729032338,0.008386523219203733
0,0.931381399210421,0.05297857696310975,0.015640023826469424
0,0.9551336094904731,0.03647986729032338,0.008386523219203733
0,0.9270876510912793,0.056576214333696535,0.016336134575024263
0,0.9529171236075328,0.03847354995589895,0.008609326436568272
0,0.9343182894845575,0.052485425268237795,0.013196285247204792
0,0.9253949629748021,0.059522988149246926,0.015082048875950915
0,0.9290764335486762,0.06152652638161495,0.009397040069708925
0,0.911017173338782,0.07561333315004772,0.013369493511170342
0,0.9361096903068843,0.05092277412462188,0.012967535568494047
0,0.8348091336612823,0.130505390556887,0.034685475781830684
0,0.608497452837112,0.21248850697791077,0.17901404018497724
1,0.8323488296460171,0.13684099015630094,0.030810180197681846
2,0.5317092542386345,0.23445401244206596,0.23383673331929966
1,0.5998019442562398,0.13119314894720077,0.26900490679655953
2,0.6417837988842435,0.10140967852012614,0.2568065225956303
2,0.6138357726010091,0.20988858233574426,0.1762756450632467
0,0.4352617901175369,0.11885466441929068,0.4458835454631723
2,0.6458839913738934,0.1868367617113187,0.16727924691478802
0,0.46118197546250794,0.2776550677173347,0.26116295682015733
0,0.47108123309238037,0.26048618709255744,0.26843257981506213
0,0.4798448925195653,0.3218740710138623,0.19828103646657252
1,0.36279352413052196,0.3067539828380654,0.33045249303141266
0,0.2209382771683907,0.4474518174389801,0.33160990539262913
2,0.5252505108937618,0.11542358251400535,0.3593259065922329
2,0.5615212931263995,0.21592906870913112,0.2225496381644695
0,0.8130804023952135,0.07421007062991121,0.11270952697487524
0,0.6639758566212175,0.19764539242776413,0.13837875095101837
0,0.6945329883277855,0.20807300464034023,0.0973940070318742
0,0.819203061453536,0.10104601047048448,0.07975092807597954
1,0.7762960419773228,0.14101756173647614,0.08268639628620095
0,0.6945329883277855,0.20807300464034023,0.0973940070318742
0,0.45370788505960197,0.26129211522647466,0.2849999997139234
0,0.5655454890945384,0.27063922103670557,0.16381528986875607
0,0.8414248765882684,0.09468771845388683,0.06388740495784484
0,0.8239592463245994,0.1051267240755122,0.0709140295998884
0,0.7941339796869064,0.1412922921165823,0.0645737281965113
0,0.7779653986157914,0.11493739802731742,0.107097203356891
0,0.9111857810375766,0.06202194808890834,0.026792270873515215
0,0.8456256712748117,0.09691825653865714,0.057456072186531086
0,0.7981722578383,0.14030047557727898,0.06152726658442109
0,0.9060453008552185,0.06544089023250316,0.028513808912278435
1,0.8781489529256514,0.08688499906745357,0.034966048006894866
1,0.8312153889667288,0.12093308214045927,0.04785152889281183
0,0.8650456985482728,0.10411928975605597,0.030835011695671287
0,0.8690137513642073,0.10115524144063168,0.029831007195161022
0,0.7986401234971556,0.13717946696122726,0.06418040954161702
0,0.8553630293015034,0.11392659781802171,0.03071037288047481
0,0.8249348743972905,0.12188941400789251,0.0531757115948169
0,0.8290742123953917,0.11445963718337217,0.05646615042123612
0,0.8687119462679084,0.07844555912791913,0.05284249460417255
0,0.8202473166882772,0.11993365686747728,0.05981902644424539
0,0.8852182168886443,0.06481749922871356,0.049964283882642097
0,0.8833647076025398,0.07748089899740809,0.03915439340005211
0,0.6557616312100217,0.10449181202231311,0.2397465567676652
0,0.8296485122796339,0.1052638601582486,0.06508762756211757
2,0.8306779617727592,0.10923658049664652,0.06008545773059439
0,0.8063977762107369,0.12891196627424767,0.06469025751501545
0,0.7554880038267524,0.14930966962703163,0.09520232654621598
1,0.7629744088364722,0.15201751889741053,0.08500807226611735
2,0.7498535462038218,0.183604991081903,0.06654146271427522
0,0.7525875920481647,0.1833134456021879,0.06409896234964747
0,0.8186212017819735,0.12616060181595928,0.05521819640206716
0,0.84512575820476,0.09056258720813047,0.06431165458710955
0,0.7753397259293116,0.1588312488411491,0.06582902522953941
0,0.7753397259293116,0.1588312488411491,0.06582902522953941
0,0.8044247877340217,0.14012873543560195,0.05544647683037652
0,0.8044247877340217,0.14012873543560195,0.05544647683037652
0,0.872835257928701,0.09540514560300238,0.03175959646829675
0,0.7952316723909378,0.11873999829103221,0.08602832931803006
0,0.5695395094607132,0.2077062955682863,0.2227541949710006
1,0.07570415810486301,0.07240658707092949,0.8518892548242075
0,0.7200823538712747,0.12443755133682885,0.15548009479189642
0,0.7473710232215072,0.15305784444102244,0.09957113233747038
0,0.8296485122796339,0.1052638601582486,0.06508762756211757
0,0.8283707547696426,0.11445065693630035,0.05717858829405712
2,0.4898936815658778,0.17776684967116513,0.33233946876295695
0,0.8904538790384865,0.06492029321345794,0.044625827748055596
1,0.6611445616326489,0.21310149993973593,0.1257539384276152
0,0.8773155702927105,0.08747146037247304,0.03521296933481654
0,0.9270876510912793,0.056576214333696535,0.016336134575024263
0,0.8524246923270274,0.11267612368891541,0.034899183984057176
0,0.16825969393971701,0.2182091672857815,0.6135311387745015
2,0.054793331007169,0.16664843287980216,0.7785582361130289
0,0.944597691065521,0.04809324680875291,0.007309062125726214
1,0.05792385088651169,0.22162220663265553,0.7204539424808328
1,0.9418855506774668,0.049995674303923224,0.00811877501861004
0,0.8459123251401631,0.12020141990423093,0.03388625495560602
1,0.3693938021825531,0.2229738922034097,0.40763230561403724
1,0.8589350895328888,0.08653236560760452,0.05453254485950687
1,0.5545638621429061,0.27454011393144545,0.1708960239256484
0,0.7681884409681191,0.13916987957630536,0.0926416794555756
0,0.7237817842956832,0.19314275841077239,0.08307545729354449
0,0.7943940206729794,0.15217249194190885,0.05343348738511182
1,0.06920316019971195,0.4072948916844718,0.5235019481158162
0,0.8746642868012383,0.10311151259574379,0.022224200603018038
0,0.7199687229077687,0.16469480086254118,0.11533647622969011
1,0.07878343610623126,0.2516416436976176,0.6695749201961511
0,0.7667332422541228,0.16921200299182815,0.06405475475404908
2,0.1675999679191767,0.28695336789990605,0.5454466641809173
0,0.9227707057194976,0.06492170505035123,0.012307589230151208
2,0.1156918582703717,0.497251106714264,0.38705703501536426
0,0.9311959784521019,0.059952012207127585,0.008852009340770592
0,0.9609278806026501,0.031679162635733546,0.007392956761616423
2,0.20822763072303732,0.19661037841031961,0.5951619908666431
0,0.9218836652902185,0.05976247069316909,0.018353864016612417
0,0.92490416418043,0.059977986939836976,0.015117848879733069
0,0.3355596035150657,0.277591255614025,0.3868491408709093
0,0.05583188224136185,0.20422789390651613,0.7399402238521219
0,0.7758068172163408,0.16923456586825736,0.05495861691540183
2,0.08905185402690814,0.16492480509882937,0.7460233408742624
2,0.12332385140387064,0.1968670274518356,0.6798091211442938
2,0.06668946973180204,0.24401973702101185,0.6892907932471861
1,0.9270339602225734,0.06281795465383257,0.01014808512359396
1,0.19744622472897633,0.37573376025275845,0.4268200150182652
1,0.963438290195402,0.02558660025703237,0.010975109547565644
0,0.44245514443735295,0.2576304150621231,0.29991444050052385
0,0.9333133501439086,0.04713061683270868,0.019556033023382758
0,0.6631423867912919,0.12563091662607714,0.2112266965826311
1,0.6946965237197053,0.2244279741084864,0.08087550217180843
2,0.20893549324297772,0.27239151308395065,0.5186729936730716
2,0.10353523156282889,0.17817102995578915,0.7182937384813819
0,0.5344705757229925,0.22939480562206116,0.23613461865494637
1,0.9193923422258105,0.06889969429210345,0.011707963482086107
0,0.7612782997143281,0.12942203420763848,0.10929966607803346
0,0.43443449426654995,0.160120693732607,0.405444812000843
0,0.1264125670062959,0.278221638590894,0.5953657944028101
0,0.5235630100865238,0.30408618818381283,0.17235080172966327
0,0.8589944878675448,0.09773338775022693,0.04327212438222833
0,0.7447050351128341,0.18850832605658088,0.06678663883058496
2,0.7367374109500502,0.11473514558819517,0.1485274434617547
1,0.5855996706323771,0.10787536180959961,0.30652496755802333
0,0.9537140250091847,0.036173096432950996,0.010112878557864299
2,0.1129295533774193,0.19032319389375313,0.6967472527288276
1,0.9075544420859994,0.0707166899091922,0.02172886800480818
0,0.5589434071631769,0.21216429904038975,0.22889229379643328
0,0.9532234560941758,0.03445107085047588,0.01232547305534829
0,0.8305852121916028,0.08029419254182438,0.08912059526657296
0,0.376360688222574,0.10382947521419586,0.5198098365632301
0,0.8236711963217204,0.1256448119297242,0.050683991748555375
1,0.5343818472123473,0.41431025453215137,0.05130789825550151
0,0.8897576566894588,0.08704630132729232,0.023196041983248997
0,0.8980755879388661,0.07328466865832241,0.02863974340281146
1,0.19508493227402512,0.18546564060890097,0.619449427117074
2,0.7054802183607206,0.1935657476422621,0.10095403399701736
1,0.047538875300946144,0.12372753038076288,0.828733594318291
2,0.09596906187683973,0.16269579823496078,0.7413351398881994
1,0.40658948720088606,0.27572780472287006,0.3176827080762439
0,0.14043451415495656,0.20555757508815845,0.654007910756885
2,0.2135149483209388,0.21577002117347566,0.5707150305055855
0,0.8692419431098456,0.10194364328851149,0.028814413601642868
0,0.8342080191954121,0.10922779947230495,0.05656418133228295
2,0.08388535055826549,0.1381026921023391,0.7780119573393954
2,0.07216565803113109,0.46445097333543567,0.4633833686334332
1,0.7813411192662058,0.14885221861739895,0.06980666211639534
0,0.5093475291091758,0.29208373520550923,0.19856873568531508
0,0.929035694813696,0.05359403456130951,0.01737027062499455
0,0.9113820662510901,0.0645495315039574,0.02406840224495247
2,0.048613790850463384,0.1779643229180267,0.77342188623151
2,0.08759404511891918,0.25180423336775476,0.660601721513326
0,0.9200308754207489,0.06058548177749098,0.01938364280176006
2,0.05302543272905116,0.19654204398863878,0.7504325232823101
1,0.04808172708213131,0.045881552922209655,0.906036719995659
0,0.6528091230011415,0.2450758791347811,0.10211499786407759
2,0.11875543956475941,0.09851858029709422,0.7827259801381464
0,0.9363000510438995,0.04877866885946212,0.014921280096638376
0,0.7004046906839124,0.20208327146252855,0.09751203785355901
0,0.75229988405334,0.17514960286908954,0.07255051307757038
0,0.8570468797836204,0.10920448005782109,0.03374864015855852
2,0.051150917750935034,0.06138866597613448,0.8874604162729304
2,0.0771596861848898,0.2805744764600646,0.6422658373550455
0,0.2016875755731167,0.19590281381504265,0.6024096106118406
0,0.37905427894908894,0.2632889693964839,0.3576567516544272
