target,prediction_-1,prediction_0,prediction_1
2,0.39552074773136986,0.2345838047002206,0.36989544756840953
0,0.153242127155349,0.26877066828962354,0.5779872045550274
1,0.130739818408879,0.42536967015413973,0.44389051143698105
1,0.17005659512206708,0.3886690283920209,0.44127437648591195
2,0.21406833484180274,0.2987004320493865,0.4872312331088111
2,0.162859468892619,0.367404210022726,0.4697363210846551
1,0.1845548711914696,0.3938409916319214,0.421604137176609
1,0.17021318541246086,0.3866654503795171,0.443121364208022
2,0.17021318541246086,0.3866654503795171,0.443121364208022
2,0.1845548711914696,0.3938409916319214,0.421604137176609
2,0.162859468892619,0.367404210022726,0.4697363210846551
2,0.1732923269306646,0.3202255332982421,0.5064821397710932
0,0.8758491071541833,0.09792188679362492,0.026229006052191896
0,0.8528259571268568,0.10894779183326547,0.03822625103987775
0,0.8528259571268568,0.10894779183326547,0.03822625103987775
0,0.8386354111795988,0.09702888548336878,0.06433570333703231
2,0.12710603921376706,0.19061909656623865,0.6822748642199944
1,0.11535076035322508,0.16489631294871812,0.7197529266980568
0,0.11535076035322508,0.16489631294871812,0.7197529266980568
1,0.10678857607544097,0.21914725948763222,0.6740641644369267
2,0.11663770781902591,0.1868998740651116,0.6964624181158625
2,0.15162718929856295,0.19502790926899008,0.653344901432447
2,0.08409384627553075,0.15449920093636557,0.7614069527881038
2,0.11663770781902591,0.1868998740651116,0.6964624181158625
1,0.1397253261202494,0.21406694646177063,0.64620772741798
2,0.43272927360325053,0.20682675037119042,0.36044397602555883
2,0.08409384627553075,0.15449920093636557,0.7614069527881038
2,0.12951998795586764,0.14619918022604161,0.7242808318180906
2,0.0835527207344052,0.15862008005724468,0.7578271992083502
0,0.10226370288025502,0.15826331381942682,0.7394729833003181
2,0.1801936398660491,0.2342852159994863,0.5855211441344645
2,0.1648006961385924,0.16799932767187184,0.6671999761895357
2,0.1724368703936969,0.23135465251936638,0.5962084770869369
1,0.1652310544216136,0.16869882570604833,0.6660701198723382
1,0.1428369159835857,0.18213272084207505,0.6750303631743392
1,0.20178851452175964,0.15309991829571828,0.645111567182522
0,0.13254239502085005,0.1898391526971137,0.6776184522820361
0,0.20178851452175964,0.15309991829571828,0.645111567182522
2,0.17205663126422552,0.20694066422505936,0.6210027045107152
2,0.16303608553432364,0.2479117861963529,0.5890521282693235
2,0.16216052201251602,0.2287406385129028,0.6090988394745813
2,0.17477668335667587,0.16812212706648916,0.6571011895768348
2,0.11446072451605326,0.22122719162291826,0.6643120838610286
2,0.13294707340590192,0.24344409196922703,0.6236088346248708
1,0.13616558342664717,0.19783317156069777,0.666001245012655
2,0.13254239502085005,0.1898391526971137,0.6776184522820361
0,0.81671201854927,0.08676334779761917,0.09652463365311081
0,0.8877778888826041,0.08736612305394914,0.024855988063447125
0,0.8841171512533864,0.09258816730993123,0.02329468143668216
0,0.8767123994295705,0.09651412409719913,0.026773476473230445
0,0.8881307761294535,0.09954320106509301,0.012326022805453602
0,0.8649417706956499,0.1094961973441669,0.025562031960183158
0,0.8536155597963518,0.11787778715093722,0.02850665305271086
0,0.8767123994295705,0.09651412409719913,0.026773476473230445
0,0.9016522210412056,0.07931532623171711,0.019032452727077362
0,0.8568282744665673,0.11616117836694122,0.027010547166491455
0,0.9036636924442353,0.08834048831376486,0.007995819241999994
0,0.9006099626073557,0.091498128224134,0.007891909168510326
2,0.119184673479335,0.12308283782932465,0.7577324886913404
2,0.08891100331573441,0.19501524752443442,0.7160737491598311
2,0.05279152492132176,0.11179541181879799,0.8354130632598803
1,0.10659909269517152,0.07592764716142683,0.8174732601434018
2,0.1120417177030139,0.0857907309375541,0.8021675513594321
2,0.11885671249429285,0.08187830932647003,0.7992649781792371
2,0.0771520092075747,0.18588124930186112,0.7369667414905642
2,0.12334891328268972,0.20434903369006535,0.6723020530272449
0,0.8754895495894456,0.10766847759627715,0.01684197281427709
0,0.8491197773540327,0.12344715138360693,0.02743307126236041
0,0.8754895495894456,0.10766847759627715,0.01684197281427709
0,0.891496401364147,0.08408739192479778,0.024416206711055308
0,0.8491197773540327,0.12344715138360693,0.02743307126236041
0,0.8767123994295705,0.09651412409719913,0.026773476473230445
0,0.8683616413872816,0.10924644339963872,0.0223919152130796
0,0.847356787407467,0.1353305703510646,0.01731264224146826
1,0.9115605157628166,0.08111333430892068,0.007326149928262884
0,0.8942485322163963,0.08806071149494644,0.017690756288657277
0,0.8555038499051221,0.12307210826600894,0.021424041828868912
0,0.8767123994295705,0.09651412409719913,0.026773476473230445
1,0.8928291865347555,0.0894800571765872,0.017690756288657277
0,0.8237321643934029,0.14112587267266094,0.035141962933936066
0,0.8555038499051221,0.12307210826600894,0.021424041828868912
0,0.8237321643934029,0.14112587267266094,0.035141962933936066
0,0.8555038499051221,0.12307210826600894,0.021424041828868912
0,0.6453869121111059,0.19605049000714359,0.1585625978817505
0,0.6425156929003343,0.24988235788579635,0.1076019492138694
2,0.6587649001634209,0.22999007501221816,0.11124502482436087
1,0.6416187381748648,0.19935181053535486,0.15902945128978038
0,0.9102978895001904,0.08237596057154693,0.007326149928262884
0,0.9023354223528834,0.08782583664643044,0.009838741000686126
0,0.7505508558834908,0.17253874821461665,0.07691039590189248
0,0.8651626267176065,0.12213398585854007,0.012703387423853548
0,0.869216160930283,0.10677078058571367,0.02401305848400329
1,0.8607804257057325,0.10720975669030819,0.03200981760395921
0,0.8191484133953209,0.14852312155161423,0.03232846505306492
0,0.8019654931385308,0.1575214320914667,0.04051307477000233
0,0.8341056315125912,0.11945802369086332,0.046436344796545445
0,0.8748231997335463,0.11005506220438643,0.015121738062067345
1,0.8343551939175242,0.13851368928457106,0.027131116797904815
0,0.8343551939175242,0.13851368928457106,0.027131116797904815
0,0.8490279296053627,0.12051759515307194,0.030454475241565464
0,0.8588657849799253,0.12558285955124307,0.015551355468831666
0,0.8321245147358468,0.14822727194852064,0.019648213315632598
0,0.8440823026477059,0.12926705358355295,0.0266506437687412
0,0.8341056315125912,0.11945802369086332,0.046436344796545445
0,0.8227348162847395,0.1463833737958484,0.030881809919411994
0,0.8767123994295705,0.09651412409719913,0.026773476473230445
0,0.8235489285865465,0.13414511887550862,0.042305952537944835
0,0.8767123994295705,0.09651412409719913,0.026773476473230445
0,0.8767123994295705,0.09651412409719913,0.026773476473230445
0,0.9076979544985654,0.0826840697519343,0.00961797574950047
0,0.9049353573545086,0.08751772746604307,0.00754691517944854
2,0.06650687770629889,0.18118485068785153,0.7523082716058496
2,0.06650687770629889,0.18118485068785153,0.7523082716058496
2,0.049140164685014774,0.07244325479919136,0.878416580515794
2,0.05920591072080396,0.18194695610856534,0.7588471331706308
2,0.09088340180037176,0.16532485963763172,0.7437917385619967
2,0.06446609219920847,0.14423711218048094,0.7912967956203103
2,0.04849418737455629,0.13885023183986517,0.8126555807855786
2,0.05093927753085093,0.14007577175607736,0.8089849507130714
2,0.07122904679340387,0.16613570803741107,0.762635245169185
2,0.05093927753085093,0.14007577175607736,0.8089849507130714
2,0.04849418737455629,0.13885023183986517,0.8126555807855786
2,0.05093927753085093,0.14007577175607736,0.8089849507130714
2,0.07816657761968035,0.2176144186621857,0.704219003718134
2,0.05920591072080396,0.18194695610856534,0.7588471331706308
2,0.08773618627624867,0.19047226078964777,0.7217915529341037
2,0.05814496686597727,0.08671039519734666,0.8551446379366762
2,0.14381214678546592,0.3368281688679688,0.5193596843465652
2,0.104847308031084,0.23268951263556903,0.662463179333347
2,0.08486453526838184,0.18758216176360448,0.7275533029680138
2,0.0702079795246789,0.1899315102808125,0.7398605101945086
2,0.08486453526838184,0.18758216176360448,0.7275533029680138
2,0.07165098096768033,0.18373509231968865,0.744613926712631
2,0.0491361791305655,0.2018716475908976,0.7489921732785367
2,0.08486453526838184,0.18758216176360448,0.7275533029680138
2,0.13118059917840505,0.30192563558720936,0.5668937652343856
2,0.11721890138207126,0.2424438709829866,0.6403372276349423
2,0.051210558059755974,0.07761923823604434,0.8711702037041997
1,0.05693234831133432,0.14435415167053944,0.7987135000181262
2,0.0847741641754169,0.17224196647795909,0.7429838693466241
2,0.0847741641754169,0.17224196647795909,0.7429838693466241
0,0.05095867116544687,0.14112646642428225,0.8079148624102709
2,0.08340046242381222,0.271305736260115,0.6452938013160725
0,0.0727928672425431,0.1481736641830995,0.7790334685743574
2,0.05013975936990967,0.08520349568331549,0.8646567449467748
2,0.09103431961625905,0.17376273931409156,0.7352029410696491
2,0.15199175428453196,0.13130765276443937,0.7167005929510286
1,0.09103431961625905,0.17376273931409156,0.7352029410696491
0,0.05920591072080396,0.18194695610856534,0.7588471331706308
2,0.05437925700318259,0.24146928521941638,0.7041514577774011
1,0.06805734513245731,0.2281736579513346,0.703768996916208
2,0.055509234344162224,0.18294250976090734,0.7615482558949304
2,0.055509234344162224,0.18294250976090734,0.7615482558949304
2,0.05048644824634813,0.18961152818804447,0.7599020235656074
2,0.07919886239995838,0.1537792655891603,0.7670218720108813
2,0.046395209261569724,0.13738548274471402,0.816219307993716
2,0.05289872894810252,0.2014536334512024,0.7456476376006951
1,0.08188556940098705,0.18466943540569564,0.7334449951933173
1,0.06319769983904326,0.19692484968812402,0.7398774504728324
2,0.07512912381270354,0.1873622945932903,0.7375085815940061
2,0.08362001916175262,0.17901752153009753,0.7373624593081498
2,0.08362001916175262,0.17901752153009753,0.7373624593081498
2,0.07279248818915202,0.21217420272132229,0.7150333090895257
2,0.0480050884224693,0.1391491511750491,0.8128457604024812
2,0.060990646011435036,0.21546306978708873,0.7235462842014762
2,0.04036322524378847,0.23032790872592696,0.7293088660302846
1,0.0463008784236298,0.1330407053792121,0.8206584161971578
2,0.061679615967104744,0.1790337356594982,0.759286648373397
2,0.06854439566787314,0.17976888552242704,0.7516867188096997
2,0.0513906247093218,0.25803385308147614,0.6905755222092019
2,0.03359258125934993,0.25415400783936587,0.7122534109012842
1,0.02519377079454018,0.4691818954852873,0.5056243337201725
2,0.06353245682954418,0.3433174877151694,0.5931500554552865
1,0.06353245682954418,0.3433174877151694,0.5931500554552865
1,0.05180052642692098,0.3592661173963123,0.5889333561767669
2,0.02519377079454018,0.4691818954852873,0.5056243337201725
2,0.02519377079454018,0.4691818954852873,0.5056243337201725
0,0.6650174451368963,0.12819255195939383,0.20679000290370983
0,0.7447019775212765,0.1625481349434813,0.09274988753524217
2,0.12846465563926834,0.25601928901110216,0.6155160553496293
2,0.1990065745761389,0.2096620133832811,0.5913314120405803
1,0.16788819536098928,0.1995258936940568,0.632585910944954
2,0.1988069747598389,0.20820769756117738,0.592985327678984
1,0.15925988604541777,0.2681536568003302,0.5725864571542519
0,0.19214101276212223,0.20386550309144355,0.6039934841464345
2,0.1931681070566517,0.29836645190753447,0.5084654410358136
0,0.3391780487196423,0.1411210530357051,0.5197008982446525
1,0.7512779600522571,0.13756656704603773,0.11115547290170523
0,0.7641048261834762,0.1713707115822143,0.0645244622343094
0,0.6563100635959844,0.19942711915743616,0.14426281724657944
1,0.7449229779096632,0.13771656153469802,0.11736046055563873
0,0.6075513930864768,0.22643955148009487,0.16600905543342828
0,0.7518258423106337,0.12781441752613976,0.1203597401632266
0,0.5902218896367386,0.22626760719717984,0.18351050316608158
0,0.5813270790658763,0.21527408478132873,0.20339883615279492
2,0.21205059105813281,0.2114941517585036,0.5764552571833634
2,0.20220027127640158,0.178517926813088,0.6192818019105106
2,0.2755455233023302,0.24827432520037718,0.4761801514972926
2,0.26746582211368825,0.14024941808614186,0.59228475980017
2,0.17380622523841924,0.22628831853546358,0.5999054562261174
2,0.19570702801353376,0.25617239361259914,0.5481205783738671
0,0.4572309312693426,0.11576584270045054,0.42700322603020674
2,0.6139201189966219,0.11468204982485494,0.2713978311785231
0,0.6097399211077391,0.1185203143098354,0.2717397645824254
0,0.4572309312693426,0.11576584270045054,0.42700322603020674
2,0.6200681913663231,0.12258233823248649,0.2573494704011904
0,0.6165838708088318,0.11932427225665047,0.2640918569345177
2,0.23666481843599277,0.18355056369654701,0.5797846178674602
2,0.1991476353880696,0.19942476345505206,0.6014276011568785
0,0.25780370235101946,0.3090470721493887,0.4331492254995919
2,0.17595346210570917,0.29388937942383575,0.5301571584704549
1,0.5064284083677034,0.17876148052055352,0.31481011111174306
2,0.5238877411073927,0.2584956144127167,0.21761664447989068
1,0.2456124081062525,0.22560966252787384,0.5287779293658738
2,0.1787218702459946,0.2226169598771982,0.5986611698768073
2,0.15142333611914507,0.2151111000648588,0.6334655638159962
1,0.15026559499290576,0.12445115324512536,0.7252832517619688
2,0.13945207872585402,0.23599193543589408,0.624555985838252
2,0.16345920150879029,0.20884382688051475,0.627696971610695
0,0.22906535866446623,0.22813491505312639,0.5427997262824075
1,0.2108120831852004,0.21924102549750485,0.569946891317295
2,0.4389093213007826,0.2060602294461476,0.35503044925306965
2,0.35095901049143796,0.2683064143358264,0.3807345751727357
0,0.31372985330755326,0.2616364097540888,0.42463373693835793
1,0.6103331881533101,0.1836964744177517,0.20597033742893822
2,0.668001476906552,0.2338267543859649,0.09817176870748298
0,0.4620965843601591,0.18521597098962048,0.35268744465022056
1,0.21605504683066853,0.1694938137312804,0.6144511394380511
2,0.20885193369565136,0.36613355386142266,0.425014512442926
2,0.2370361179406864,0.25513526080353055,0.5078286212557831
0,0.3341954063955102,0.23472990030383825,0.43107469330065157
2,0.13053454209142043,0.40210872605249226,0.4673567318560871
0,0.2772106731272273,0.23215904083857808,0.4906302860341944
1,0.5071963340786603,0.17964680380049425,0.3131568621208454
1,0.5278419510756616,0.16692325598552477,0.3052347929388137
1,0.20917044074561408,0.4282961894942122,0.36253336976017375
1,0.19359442161616336,0.3585372489955199,0.44786832938831656
1,0.16833171772395913,0.471239272965532,0.3604290093105089
2,0.1613008746911548,0.37910758510695747,0.45959154020188797
1,0.11595331103515157,0.326748074293609,0.5572986146712394
2,0.09033758380798393,0.3711275819547027,0.5385348342373134
2,0.10002348957112965,0.40333901290029395,0.4966374975285762
1,0.06547796483150814,0.2691917590807928,0.6653302760876987
0,0.8541561347335678,0.11795349258896938,0.027890372677462895
0,0.8761156181919625,0.10446885805360376,0.019415523754433738
0,0.9092181031475175,0.08151632342293898,0.009265573429543563
0,0.8541561347335678,0.11795349258896938,0.027890372677462895
0,0.9092181031475175,0.08151632342293898,0.009265573429543563
0,0.8370194458798181,0.1301719494742637,0.032808604645917915
0,0.8583736882400673,0.11544114308454452,0.026185168675388303
1,0.8910098001839647,0.09547341446193668,0.013516785354098624
0,0.8326499494260614,0.13396101811100522,0.033389032462933045
0,0.8879042101218527,0.09857900452404847,0.013516785354098624
0,0.8767123994295705,0.09651412409719913,0.026773476473230445
0,0.9126449451270819,0.08102067460086117,0.00633438027205688
0,0.9039549452527808,0.08502509535276354,0.011019959394455844
1,0.9202865661000313,0.0727797425447299,0.006933691355238931
0,0.8347399631444109,0.1399861619798275,0.025273874875761708
0,0.8898144353127391,0.09500788760841346,0.01517767707884747
0,0.9159116695379915,0.07475818293553368,0.009330147526474817
0,0.9123167907862717,0.07742857305496724,0.010254636158761002
0,0.9061844413410928,0.08122106886267269,0.012594489796234504
0,0.8767123994295705,0.09651412409719913,0.026773476473230445
1,0.8610715842176708,0.11747512249172243,0.021453293290606554
0,0.8755521491851395,0.10477929062317992,0.019668560191680704
0,0.8259414155570063,0.13977937404224722,0.034279210400746496
0,0.8571166657926823,0.12203606074373057,0.020847273463587165
0,0.8448530405079276,0.13748327633370658,0.017663683158365705
1,0.7338848645730912,0.19983670146708904,0.06627843395981972
0,0.7565212470035381,0.18884267356101117,0.054636079435450756
1,0.7689509667674195,0.17768655225375798,0.05336248097882263
0,0.8078126558739065,0.15835770688452094,0.03382963724157252
0,0.768981294927161,0.15700169110542822,0.0740170139674108
1,0.591146584523849,0.2382682610482453,0.17058515442790562
0,0.3352379052216161,0.1576084718709518,0.507153622907432
1,0.280557026323412,0.27077346290828325,0.4486695107683048
2,0.5037552510252773,0.3097629266338025,0.1864818223409202
0,0.7945781087589422,0.1527334211439457,0.05268847009711225
0,0.748622001900072,0.1867356701826438,0.06464232791728414
1,0.8203622661220469,0.15818265027738534,0.021455083600567863
0,0.7618344660249458,0.1779432921971945,0.060222241777859835
0,0.7876186233880504,0.1833925213306342,0.028988855281315444
0,0.7595208710701256,0.18870962290962112,0.05176950602025344
1,0.741362136584346,0.2159680166648391,0.04266984675081488
0,0.6805207415324247,0.24649498929707497,0.07298426917050045
0,0.5049599298693142,0.3132588257488953,0.18178124438179055
1,0.5015286867554185,0.30565610149376365,0.19281521175081778
0,0.4779902858878251,0.34079293055250937,0.18121678355966558
1,0.6648127815624708,0.2327948115086329,0.10239240692889622
0,0.8307917188049423,0.14673397912807928,0.02247430206697857
0,0.8208211878842953,0.141765133691179,0.03741367842452578
0,0.8746777566076579,0.10658525941075625,0.01873698398158597
0,0.8947626715814042,0.09671831378788853,0.00851901463070726
0,0.9122111841672166,0.07926980120207618,0.00851901463070726
0,0.9163877546256207,0.0750932307436721,0.00851901463070726
0,0.8984230928863116,0.0877587518264816,0.013818155287206667
0,0.9264417503320062,0.06382472448925366,0.009733525178739943
0,0.9528003956660278,0.04037226459234319,0.006827339741628927
0,0.8551800685896637,0.11922148898893865,0.02559844242139772
0,0.9626688167186594,0.03050384353971161,0.006827339741628927
0,0.9626688167186594,0.03050384353971161,0.006827339741628927
0,0.9335219410565248,0.0619347010104233,0.004543357933051996
0,0.8984230928863116,0.0877587518264816,0.013818155287206667
0,0.9328085492129935,0.061872204329127815,0.005319246457878824
0,0.9219384123641153,0.07280691527493717,0.005254672360947569
0,0.8964077118981293,0.0846151095297456,0.018977178572125015
0,0.9093528132135308,0.072498648885584,0.018148537900885175
0,0.9116083749998001,0.07235381337701158,0.01603781162318846
0,0.9187218351682517,0.0720409521880856,0.009237212643662757
1,0.7234572730424896,0.1790397834252647,0.0975029435322458
0,0.7301508394329637,0.17228164293785939,0.09756751762917705
1,0.8078126558739065,0.15835770688452094,0.03382963724157252
0,0.5301206109523621,0.1864865053496186,0.2833928836980193
1,0.24090844836551592,0.15627177437947734,0.6028197772550067
2,0.5680731592648983,0.23702004907528385,0.19490679165981775
1,0.2119608457410416,0.22923938943041225,0.5587997648285462
2,0.276630029074336,0.2741423807559327,0.44922759016973124
2,0.3018890928876223,0.24541734841305668,0.45269355869932104
2,0.377093419019091,0.33341638502869225,0.2894901959522169
1,0.3056503043944192,0.23355336182112665,0.4607963337844542
2,0.3900804320061039,0.3307107573230645,0.2792088106708316
0,0.276630029074336,0.2741423807559327,0.44922759016973124
1,0.2980191238473746,0.2334556259250184,0.468525250227607
0,0.3018890928876223,0.24541734841305668,0.45269355869932104
1,0.34751633310255325,0.2609324155159698,0.39155125138147706
0,0.34823363403896795,0.2241690937497708,0.4275972722112613
0,0.4038864394304056,0.3101474427973233,0.28596611777227093
0,0.4508052959742901,0.2885266952835498,0.26066800874216
1,0.35185324336005025,0.1971275781243538,0.45101917851559586
2,0.3088459491404471,0.23225302907828818,0.45890102178126485
2,0.3633231951389236,0.30266219989633525,0.33401460496474117
1,0.29790840385839196,0.3276373007258072,0.37445429541580105
1,0.3110546322489392,0.4071284918670438,0.28181687588401694
0,0.28559210514981526,0.2500886839705522,0.4643192108796325
2,0.276630029074336,0.2741423807559327,0.44922759016973124
0,0.5899378522109768,0.22701611321452084,0.18304603457450216
1,0.5162202380952381,0.28813244047619047,0.1956473214285714
2,0.33535436046497863,0.25086436847301385,0.41378127106200746
2,0.5097392203242201,0.24788019316789298,0.24238058650788682
2,0.18365781984314206,0.21550702124918042,0.6008351589076776
2,0.1611547965326903,0.25912235888700696,0.5797228445803027
2,0.0723718636385164,0.1632919200720106,0.7643362162894731
2,0.07344584119879835,0.14326395198621017,0.7832902068149915
1,0.27311997196779003,0.22317439279072104,0.503705635241489
2,0.19586524561923385,0.32977023672306194,0.47436451765770415
2,0.07344584119879835,0.14326395198621017,0.7832902068149915
2,0.06679392721976297,0.21217790308797646,0.7210281696922609
2,0.0723718636385164,0.1632919200720106,0.7643362162894731
2,0.0680831155074439,0.2015452595780792,0.7303716249144769
1,0.0723718636385164,0.1632919200720106,0.7643362162894731
2,0.0680831155074439,0.2015452595780792,0.7303716249144769
2,0.13155057570811643,0.1809542122175218,0.6874952120743616
2,0.2578533123602262,0.2611490377190914,0.4809976499206823
2,0.12773026085141287,0.16591018538322932,0.7063595537653579
2,0.10378309306314686,0.18466630638619022,0.7115506005506632
2,0.1370701077607929,0.2620770175032882,0.6008528747359189
2,0.1956638577607929,0.23994160083662155,0.5643945414025855
0,0.7317352144656102,0.2286850720717101,0.03957971346267961
0,0.8073975783393471,0.16396885469009354,0.028633566970559216
0,0.8228356559559721,0.1522823604226974,0.024881983621330404
1,0.8544857719480056,0.09727414429397012,0.048240083758024424
0,0.8994069483395808,0.09430653799878418,0.006286513661634942
0,0.9145891345743987,0.07912435176396637,0.006286513661634942
0,0.9067735605915368,0.08513512083038947,0.008091318578073672
0,0.9209130978447185,0.07100327785103502,0.008083624304246431
0,0.8904158473556001,0.0954706804187438,0.014113472225656037
0,0.9098791506536484,0.08202953076827765,0.008091318578073672
0,0.9378964331119932,0.05488820489924852,0.007215361988758371
0,0.9401125520226568,0.05194321203148185,0.007944235945861374
0,0.9239231772729709,0.062612482382522,0.013464340344506992
0,0.8880421659121512,0.09713740301569897,0.014820431072149766
0,0.9168031043634244,0.06973255529206857,0.013464340344506992
0,0.9378964331119932,0.05488820489924852,0.007215361988758371
0,0.8661721137494398,0.11104230060122094,0.022785585649339097
0,0.8693369537856399,0.10959840601120412,0.021064640203155776
0,0.8230039183562421,0.12139037821440242,0.0556057034293555
0,0.8693369537856399,0.10959840601120412,0.021064640203155776
0,0.8389344189585394,0.15503788111959246,0.00602769992186818
0,0.929492963278068,0.0625628007760706,0.007944235945861374
0,0.7647013553256882,0.20154720572231058,0.03375143895200119
0,0.7482435437369648,0.18506801312722362,0.06668844313581156
0,0.8949704964623807,0.09099967090137716,0.014029832636242473
1,0.8994908749506187,0.08797920935007797,0.012529915699303252
0,0.9447333067356943,0.05090539370283503,0.004361299561470616
0,0.9148994023429812,0.07476783658205914,0.010332761074959259
0,0.8863509860999367,0.08281799189362919,0.030831022006434408
0,0.8976469599391185,0.0931710829825301,0.009181957078351618
0,0.9004978955941099,0.09003217926643162,0.009469925139458872
0,0.9326110389326379,0.06125819091833788,0.00613077014902453
0,0.896977888779038,0.09208186429107035,0.01094024692989167
0,0.9401125520226568,0.05194321203148185,0.007944235945861374
0,0.9330967394151207,0.06128624264317396,0.005617017941705657
0,0.9498333316392811,0.04734371453277602,0.002822953827942625
0,0.9330967394151207,0.06128624264317396,0.005617017941705657
0,0.9316537379721193,0.06255947921052818,0.005786782817352885
0,0.9528003956660278,0.04037226459234319,0.006827339741628927
0,0.9268447506422773,0.0669927908401563,0.006162458517566637
0,0.9224453602154223,0.06634192133836532,0.011212718446212376
0,0.8526935781286143,0.1095542092614383,0.03775221260994697
0,0.8909955949859159,0.06762712437195235,0.04137728064213177
0,0.8526935781286143,0.1095542092614383,0.03775221260994697
0,0.9330967394151207,0.06128624264317396,0.005617017941705657
0,0.9343157903581797,0.06121882497913876,0.004465384662681491
0,0.8833559512215834,0.10981670903678765,0.006827339741628927
0,0.9371470629262943,0.05864058884827106,0.004212348225434528
0,0.8833559512215834,0.10981670903678765,0.006827339741628927
0,0.9371470629262943,0.05864058884827106,0.004212348225434528
0,0.9199248044759658,0.06612165444337174,0.01395354108066247
0,0.9447333067356943,0.05090539370283503,0.004361299561470616
0,0.7903499988406311,0.20282266141774002,0.006827339741628927
0,0.7903499988406311,0.20282266141774002,0.006827339741628927
0,0.8060620767061379,0.17475444483048444,0.019183478463377725
1,0.9626688167186594,0.03050384353971161,0.006827339741628927
0,0.9371470629262943,0.05864058884827106,0.004212348225434528
0,0.9316537379721193,0.06255947921052818,0.005786782817352885
0,0.9626688167186594,0.03050384353971161,0.006827339741628927
0,0.9330967394151207,0.06128624264317396,0.005617017941705657
0,0.9626688167186594,0.03050384353971161,0.006827339741628927
0,0.9345160850967615,0.059866896961533196,0.005617017941705657
0,0.9626688167186594,0.03050384353971161,0.006827339741628927
0,0.9626688167186594,0.03050384353971161,0.006827339741628927
0,0.9498333316392811,0.04734371453277602,0.002822953827942625
0,0.940690104236193,0.05511635903007652,0.004193536733730484
0,0.9461883662903571,0.050701818149055194,0.00310981556058749
0,0.9492939563524688,0.047596228086943394,0.00310981556058749
0,0.9053369123637774,0.09036639393170583,0.004296693704516849
1,0.9626688167186594,0.03050384353971161,0.006827339741628927
0,0.9301001352209116,0.06426861505140055,0.005631249727688059
0,0.9315431366639131,0.06299537848404632,0.005461484852040831
0,0.9626688167186594,0.03050384353971161,0.006827339741628927
0,0.9343157903581797,0.06121882497913876,0.004465384662681491
0,0.9307879371063185,0.06327036962730094,0.005941693266380982
0,0.930347536389926,0.064769368003366,0.004883095606708224
0,0.9050847564212439,0.0858850109223102,0.009030232656446315
0,0.9274930921795262,0.06642180479719333,0.006085103023280245
0,0.940690104236193,0.05511635903007652,0.004193536733730484
0,0.9467740336365555,0.04699764137122861,0.006228324992215858
0,0.9467740336365555,0.04699764137122861,0.006228324992215858
0,0.9238846927297021,0.06805771251015849,0.008057594760139184
0,0.9107909604629506,0.08232188401728509,0.006887155519764596
0,0.9107909604629506,0.08232188401728509,0.006887155519764596
0,0.9238846927297021,0.06805771251015849,0.008057594760139184
0,0.9626688167186594,0.03050384353971161,0.006827339741628927
0,0.9343157903581797,0.06121882497913876,0.004465384662681491
0,0.931865908623472,0.06315984175053858,0.00497424962598965
0,0.9376896337991456,0.058116829467124015,0.004193536733730484
0,0.9492939563524688,0.047596228086943394,0.00310981556058749
0,0.9626688167186594,0.03050384353971161,0.006827339741628927
0,0.9343253993493849,0.055828499947673214,0.009846100702942048
0,0.9467740336365555,0.04699764137122861,0.006228324992215858
0,0.9467740336365555,0.04699764137122861,0.006228324992215858
0,0.9482117052702177,0.04867847916919447,0.00310981556058749
0,0.9376896337991456,0.058116829467124015,0.004193536733730484
0,0.922802441647451,0.06913996359240955,0.008057594760139184
0,0.9467740336365555,0.04699764137122861,0.006228324992215858
0,0.9498333316392811,0.04734371453277602,0.002822953827942625
0,0.9292800565286703,0.06422620180748334,0.006493741663846616
0,0.9626688167186594,0.03050384353971161,0.006827339741628927
0,0.9529389217013928,0.04423812447066423,0.002822953827942625
0,0.903199891242981,0.06639498435826041,0.030405124398758768
0,0.9304907102816968,0.06279542919027004,0.006713860528033277
0,0.898085483385326,0.06383717687304494,0.03807733974162893
0,0.9455100932668262,0.05033361957189749,0.0041562871612759586
2,0.9455100932668262,0.05033361957189749,0.0041562871612759586
0,0.8869279153657534,0.067390656295645,0.0456814283386017
0,0.9277264537774628,0.06593533764835571,0.0063382085741817895
0,0.9331829739439805,0.05123967059288957,0.015577355463129989
0,0.9358359850729068,0.05800026403180876,0.006163750895284603
0,0.9529389217013928,0.04423812447066423,0.002822953827942625
0,0.9307935337037939,0.06207508363224259,0.007131382663963692
0,0.9528003956660278,0.04037226459234319,0.006827339741628927
0,0.9528003956660278,0.04037226459234319,0.006827339741628927
0,0.9055626853868356,0.0871738607525496,0.007263453860615077
1,0.923341816934263,0.0688874500382422,0.007770733027494319
1,0.9528003956660278,0.04037226459234319,0.006827339741628927
0,0.923341816934263,0.0688874500382422,0.007770733027494319
0,0.9009961096258805,0.0915980447331463,0.00740584564097352
0,0.9009961096258805,0.0915980447331463,0.00740584564097352
1,0.923341816934263,0.0688874500382422,0.007770733027494319
0,0.9528003956660278,0.04037226459234319,0.006827339741628927
0,0.923341816934263,0.0688874500382422,0.007770733027494319
0,0.9009961096258805,0.0915980447331463,0.00740584564097352
0,0.9307935337037939,0.06207508363224259,0.007131382663963692
0,0.9528003956660278,0.04037226459234319,0.006827339741628927
0,0.923341816934263,0.0688874500382422,0.007770733027494319
0,0.9528003956660278,0.04037226459234319,0.006827339741628927
0,0.923341816934263,0.0688874500382422,0.007770733027494319
0,0.9528003956660278,0.04037226459234319,0.006827339741628927
0,0.9164666989086762,0.07739931452565085,0.006133986565673029
0,0.9191538780057117,0.07342768563767453,0.007418436356613577
0,0.9018108816350318,0.0904312243040308,0.007757894060937631
0,0.9096671723723077,0.0835280936807458,0.006804733946946727
0,0.9528003956660278,0.04037226459234319,0.006827339741628927
0,0.6919700616032931,0.20552270897709543,0.1025072294196111
0,0.27700923673978123,0.2900801803619838,0.43291058289823486
1,0.7117194949367454,0.17118273243552393,0.11709777262773076
2,0.33150515051191387,0.3017200091921435,0.3667748402959427
1,0.6864574164947683,0.2439392052737237,0.06960337823150797
2,0.6864574164947683,0.2439392052737237,0.06960337823150797
2,0.4189311326965582,0.27583997710077607,0.3052288902026658
0,0.40262885407753896,0.191320201753413,0.40605094416904813
2,0.4189311326965582,0.27583997710077607,0.3052288902026658
0,0.3322416304579147,0.2412002865283655,0.42655808301371984
0,0.4232185592249652,0.21248067414879424,0.3643007666262406
0,0.36065290972691644,0.23570247946977924,0.4036446108033042
1,0.41647802367556547,0.24110486620788935,0.3424171101165453
0,0.2820334514715396,0.45619453126018844,0.26177201726827204
2,0.4142724131029798,0.18647432747692894,0.3992532594200913
2,0.42462691076739256,0.17841474723157674,0.3969583420010307
0,0.7188073703240302,0.11933734325330132,0.1618552864226687
0,0.6859396507532848,0.12412814299300011,0.1899322062537153
0,0.6986385524625808,0.126476378360019,0.1748850691774003
0,0.6098684047187833,0.1813515312002634,0.20878006408095318
1,0.7662737352015605,0.09560039901136771,0.138125865787072
0,0.6819786238267378,0.15632986711181282,0.16169150906144944
0,0.5142043923820877,0.18906333328393182,0.2967322743339804
0,0.3299806669462127,0.2456323250022021,0.42438700805158514
0,0.6526207438038375,0.14291421597637977,0.20446504021978276
0,0.6172675351974406,0.15201815021424528,0.2307143145883141
0,0.8481047240149715,0.09654483836631324,0.0553504376187154
0,0.7085563617295539,0.10555275948714188,0.18589087878330418
0,0.8767123994295705,0.09651412409719913,0.026773476473230445
0,0.8733758617008638,0.09646649372555854,0.030157644573577613
0,0.8116656649660821,0.1376240792622278,0.05071025577168978
0,0.8767123994295705,0.09651412409719913,0.026773476473230445
1,0.8182194637937776,0.14123939882247386,0.040541137383748496
1,0.869656602092769,0.11279037441575313,0.017553023491477977
0,0.8348108219466357,0.13910625190969994,0.02608292614366449
0,0.8348108219466357,0.13910625190969994,0.02608292614366449
0,0.8147712550281939,0.13451848920011603,0.05071025577168978
0,0.8733758617008638,0.09646649372555854,0.030157644573577613
0,0.7805984815901764,0.1415043564356389,0.07789716197418459
0,0.7064718652734796,0.16111217327638136,0.13241596145013906
0,0.8841171512533864,0.09258816730993123,0.02329468143668216
0,0.8574591305360888,0.11180416967164965,0.030736699792261388
0,0.859291930306282,0.11656917245437128,0.024138897239346712
0,0.8490279296053627,0.12051759515307194,0.030454475241565464
0,0.8475278138833011,0.12251431747375223,0.029957868642946524
0,0.8221534800864948,0.12089285764904457,0.05695366226446045
2,0.7605373701947113,0.20178037851046082,0.0376822512948276
0,0.7162588844674802,0.20439449546411287,0.07934662006840669
0,0.8182244634241727,0.14206632047195494,0.03970921610387232
1,0.8182244634241727,0.14206632047195494,0.03970921610387232
2,0.7190360902755184,0.24446100640448415,0.036502903319997566
0,0.722159664593472,0.24131005899124164,0.036530276415286354
0,0.8555464360437485,0.1166858769925572,0.027767686963694017
0,0.8841171512533864,0.09258816730993123,0.02329468143668216
0,0.7847128178690959,0.1973597191861786,0.017927462944725428
0,0.7847128178690959,0.1973597191861786,0.017927462944725428
0,0.7913137490100575,0.16787822542596284,0.04080802556397967
0,0.7913137490100575,0.16787822542596284,0.04080802556397967
0,0.8266956601687663,0.1352663579789413,0.03803798185229253
0,0.7582190829134773,0.1314886225228939,0.11029229456362886
0,0.374821437969985,0.26963839098094805,0.3555401710490671
1,0.08382653465375368,0.2562263241205645,0.6599471412256819
0,0.5757530720542108,0.23174302906138255,0.19250389888440658
0,0.861790101336799,0.09545455263499052,0.042755346028210434
0,0.8221534800864948,0.12089285764904457,0.05695366226446045
0,0.875887072929989,0.10171630319643725,0.022396623873573808
2,0.5308361933752951,0.2886856823363701,0.18047812428833485
0,0.8182194637937776,0.14123939882247386,0.040541137383748496
1,0.7913137490100575,0.16787822542596284,0.04080802556397967
0,0.8054267126472751,0.17159641902683656,0.022976868325888366
0,0.923341816934263,0.0688874500382422,0.007770733027494319
0,0.9476381273164172,0.049538918855639914,0.002822953827942625
0,0.20030145197100035,0.22145931003533526,0.5782392379936646
2,0.13379890348877738,0.22103711734961862,0.645163979161604
0,0.8847363415501256,0.09703705045603263,0.01822660799384187
1,0.12021194696703826,0.312350091814767,0.5674379612181948
1,0.9335199443249413,0.05642469640290799,0.010055359272150826
0,0.8490279296053627,0.12051759515307194,0.030454475241565464
1,0.582464084420553,0.1387167075631625,0.2788192080162845
1,0.8767123994295705,0.09651412409719913,0.026773476473230445
1,0.32954658238032586,0.30926392993538876,0.3611894876842853
0,0.9079355160569527,0.08397316536497348,0.008091318578073672
0,0.8639194443034838,0.12127660911417133,0.014803946582344693
0,0.8281798440266063,0.11931022101561613,0.052509934957777595
1,0.01599482713256835,0.5193579518233155,0.4646472210441161
0,0.8566969476433335,0.13572929185400012,0.0075737605026665045
0,0.7529067782491771,0.17602550264329903,0.07106771910752392
1,0.06353245682954418,0.3433174877151694,0.5931500554552865
0,0.8604269042543434,0.12179931811564414,0.017773777630012283
2,0.0652879835582005,0.2459479323057041,0.6887640841360954
0,0.8230039183562421,0.12139037821440242,0.0556057034293555
2,0.1926613488654576,0.4120239180359124,0.3953147330986301
0,0.8683300290634676,0.07483432666752132,0.05683564426901117
0,0.9528003956660278,0.04037226459234319,0.006827339741628927
2,0.18289767118672023,0.18645437243018714,0.6306479563830927
0,0.9052856768329669,0.08715723596328605,0.007557087203747291
0,0.9181571950473636,0.07273873859180842,0.009104066360827652
0,0.7667459428690486,0.139342397292463,0.09391165983848837
0,0.12076872331919573,0.23921015886263852,0.6400211178181658
0,0.7287892475382274,0.17962462313537703,0.0915861293263954
2,0.07025297984850232,0.19574678100636764,0.73400023914513
2,0.4039604775894131,0.29758633717981825,0.29845318523076864
2,0.2575370718462824,0.1869967888471178,0.5554661393065998
1,0.8870353485282012,0.07997513041586002,0.03298952105593931
1,0.18900375876159228,0.4489463331686125,0.36204990806979526
1,0.9335219410565248,0.0619347010104233,0.004543357933051996
0,0.5142043923820877,0.18906333328393182,0.2967322743339804
0,0.8910698223190398,0.09640026198165692,0.012529915699303252
0,0.7369478055107885,0.13406109981135758,0.12899109467785386
1,0.7921867706983797,0.11740924502778069,0.09040398427383994
2,0.17872287716112772,0.3898265280458514,0.43145059479302084
2,0.10615505436647169,0.16514792034974252,0.7286970252837858
0,0.5133469086127785,0.25367575717689306,0.23297733421032832
1,0.8134393855821254,0.13537458003678893,0.051186034381085724
0,0.7989570344677223,0.15228832728199043,0.04875463825028709
0,0.4013806191655784,0.13131262468333899,0.46730675615108264
0,0.06343622445365082,0.2564917693355334,0.6800720062108156
0,0.6604739305632162,0.18858367295867295,0.15094239647811078
0,0.7759086193184995,0.18806889836001997,0.03602248232148055
0,0.8767123994295705,0.09651412409719913,0.026773476473230445
2,0.45097999327322635,0.24776524644945694,0.3012547602773167
1,0.633287129353917,0.22360045151484317,0.1431124191312399
0,0.898085483385326,0.06383717687304494,0.03807733974162893
2,0.16448687278711027,0.2237993881679396,0.6117137390449503
1,0.7482435437369648,0.18506801312722362,0.06668844313581156
0,0.4940730286350987,0.2662009147816292,0.23972605658327203
0,0.9348759880517243,0.054769046282025544,0.010354965666250207
0,0.8651626267176065,0.12213398585854007,0.012703387423853548
0,0.4665004763380714,0.18438461618864044,0.34911490747328805
0,0.6946645583323174,0.18850026608333967,0.11683517558434273
1,0.565244446721984,0.3451122633401498,0.08964328993786612
0,0.8763800287524297,0.10143797917411329,0.022181992073457123
0,0.8730143800125373,0.10620607610908714,0.020779543878375384
1,0.236940587411805,0.24755889865122577,0.5155005139369692
2,0.6719240986837036,0.1940323823153309,0.13404351900096542
1,0.04005737801351414,0.1917599424545585,0.7681826795319272
2,0.056037417339925504,0.1577709807119442,0.7861916019481302
1,0.3088459491404471,0.23225302907828818,0.45890102178126485
0,0.06765419811505073,0.2186347530352179,0.7137110488497312
2,0.19625846080284545,0.21522728946830308,0.5885142497288515
0,0.812431058257427,0.15072270085734588,0.036846240885227116
0,0.729911180328365,0.1878876244436573,0.08220119522797746
2,0.05538274755729531,0.2653579213039573,0.6792593311387474
2,0.1544406384111237,0.3899241464875189,0.45563521510135735
1,0.6416187381748648,0.19935181053535486,0.15902945128978038
0,0.34955308518596134,0.2847868141975305,0.36566010061650817
0,0.9528003956660278,0.04037226459234319,0.006827339741628927
0,0.7980163247438904,0.12651647484553064,0.07546720041057879
2,0.03837909825966148,0.23889175092947504,0.7227291508108635
2,0.14381214678546592,0.3368281688679688,0.5193596843465652
0,0.8026327106865035,0.13349012005120342,0.06387716926229292
2,0.07041574069711291,0.1924823358148247,0.7371019234880624
1,0.104847308031084,0.23268951263556903,0.662463179333347
0,0.5966708399400489,0.17401245219005534,0.22931670786989566
2,0.10463367986832786,0.17780593242302026,0.7175603877086518
0,0.9418354833853262,0.05133717687304494,0.006827339741628927
0,0.6668569234957693,0.16811007829448105,0.16503299820974968
0,0.5414766633086053,0.26683236283621675,0.19169097385517797
0,0.8799833302459942,0.09915349730439635,0.020863172449609196
2,0.09166880640920799,0.17073452662254376,0.7375966669682482
2,0.06166761718812003,0.20934654534258132,0.7289858374692987
0,0.14797158666844282,0.2221782320519251,0.629850181279632
0,0.31994741079678884,0.26678036873234406,0.41327222047086726
